
0.000000e+00  1.000000e+00 5.000000e-01
3.333333e-01  1.077348e+00 4.640884e-01
6.666667e-01  1.148317e+00 4.258112e-01
1.000000e+00  1.212549e+00 3.853929e-01
1.333333e+00  1.269727e+00 3.430687e-01
1.666667e+00  1.319574e+00 2.990829e-01
2.000000e+00  1.361855e+00 2.536877e-01
2.333333e+00  1.396379e+00 2.071417e-01
2.666667e+00  1.422997e+00 1.597085e-01
3.000000e+00  1.441606e+00 1.116549e-01
3.333333e+00  1.452148e+00 6.325002e-02
3.666667e+00  1.454608e+00 1.476308e-02
4.000000e+00  1.449019e+00 -3.353755e-02
4.333333e+00  1.435454e+00 -8.138603e-02
4.666667e+00  1.414034e+00 -1.285205e-01
5.000000e+00  1.384920e+00 -1.746845e-01
5.333333e+00  1.348315e+00 -2.196284e-01
5.666667e+00  1.304464e+00 -2.631105e-01
6.000000e+00  1.253647e+00 -3.048987e-01
6.333333e+00  1.196185e+00 -3.447716e-01
6.666667e+00  1.132432e+00 -3.825193e-01
7.000000e+00  1.062775e+00 -4.179451e-01
7.333333e+00  9.876303e-01 -4.508661e-01
7.666667e+00  9.074446e-01 -4.811143e-01
8.000000e+00  8.226883e-01 -5.085372e-01
8.333333e+00  7.338552e-01 -5.329991e-01
8.666667e+00  6.414583e-01 -5.543810e-01
9.000000e+00  5.460280e-01 -5.725820e-01
9.333333e+00  4.481082e-01 -5.875189e-01
9.666667e+00  3.482536e-01 -5.991273e-01
1.000000e+01  2.470267e-01 -6.073616e-01
1.033333e+01  1.449942e-01 -6.121947e-01
1.066667e+01  4.272444e-02 -6.136189e-01
1.100000e+01  -5.921639e-02 -6.116450e-01
1.133333e+01  -1.602669e-01 -6.063028e-01
1.166667e+01  -2.598736e-01 -5.976403e-01
1.200000e+01  -3.574942e-01 -5.857238e-01
1.233333e+01  -4.526004e-01 -5.706371e-01
1.266667e+01  -5.446806e-01 -5.524811e-01
1.300000e+01  -6.332428e-01 -5.313730e-01
1.333333e+01  -7.178171e-01 -5.074458e-01
1.366667e+01  -7.979583e-01 -4.808472e-01
1.400000e+01  -8.732481e-01 -4.517389e-01
1.433333e+01  -9.432974e-01 -4.202957e-01
1.466667e+01  -1.007748e+00 -3.867041e-01
1.500000e+01  -1.066275e+00 -3.511616e-01
1.533333e+01  -1.118588e+00 -3.138753e-01
1.566667e+01  -1.164431e+00 -2.750610e-01
1.600000e+01  -1.203588e+00 -2.349414e-01
1.633333e+01  -1.235879e+00 -1.937454e-01
1.666667e+01  -1.261163e+00 -1.517066e-01
1.700000e+01  -1.279340e+00 -1.090620e-01
1.733333e+01  -1.290349e+00 -6.605033e-02
1.766667e+01  -1.294167e+00 -2.291143e-02
1.800000e+01  -1.290815e+00 2.011573e-02
1.833333e+01  -1.280349e+00 6.279402e-02
1.866667e+01  -1.262867e+00 1.048896e-01
1.900000e+01  -1.238505e+00 1.461731e-01
1.933333e+01  -1.207435e+00 1.864209e-01
1.966667e+01  -1.169866e+00 2.254165e-01
2.000000e+01  -1.126040e+00 2.629511e-01
2.033333e+01  -1.076236e+00 2.988257e-01
2.066667e+01  -1.020761e+00 3.328510e-01
2.100000e+01  -9.599527e-01 3.648495e-01
2.133333e+01  -8.941768e-01 3.946553e-01
2.166667e+01  -8.238241e-01 4.221162e-01
2.200000e+01  -7.493086e-01 4.470931e-01
2.233333e+01  -6.710649e-01 4.694619e-01
2.266667e+01  -5.895460e-01 4.891135e-01
2.300000e+01  -5.052203e-01 5.059541e-01
2.333333e+01  -4.185692e-01 5.199065e-01
2.366667e+01  -3.300844e-01 5.309093e-01
2.400000e+01  -2.402647e-01 5.389181e-01
2.433333e+01  -1.496138e-01 5.439052e-01
2.466667e+01  -5.863718e-02 5.458598e-01
2.500000e+01  3.216078e-02 5.447878e-01
2.533333e+01  1.222794e-01 5.407118e-01
2.566667e+01  2.112246e-01 5.336710e-01
2.600000e+01  2.985113e-01 5.237206e-01
2.633333e+01  3.836666e-01 5.109317e-01
2.666667e+01  4.662317e-01 4.953906e-01
2.700000e+01  5.457648e-01 4.771985e-01
2.733333e+01  6.218432e-01 4.564704e-01
2.766667e+01  6.940657e-01 4.333349e-01
2.800000e+01  7.620545e-01 4.079330e-01
2.833333e+01  8.254575e-01 3.804178e-01
2.866667e+01  8.839496e-01 3.509528e-01
2.900000e+01  9.372349e-01 3.197116e-01
2.933333e+01  9.850477e-01 2.868767e-01
2.966667e+01  1.027154e+00 2.526382e-01
3.000000e+01  1.063353e+00 2.171931e-01
3.033333e+01  1.093477e+00 1.807439e-01
3.066667e+01  1.117393e+00 1.434975e-01
3.100000e+01  1.135004e+00 1.056640e-01
3.133333e+01  1.146246e+00 6.745580e-02
3.166667e+01  1.151094e+00 2.908600e-02
3.200000e+01  1.149555e+00 -9.232511e-03
3.233333e+01  1.141674e+00 -4.728831e-02
3.266667e+01  1.127529e+00 -8.487259e-02
3.300000e+01  1.107232e+00 -1.217803e-01
3.333333e+01  1.080930e+00 -1.578113e-01
3.366667e+01  1.048801e+00 -1.927714e-01
3.400000e+01  1.011056e+00 -2.264732e-01
3.433333e+01  9.679329e-01 -2.587377e-01
3.466667e+01  9.197005e-01 -2.893943e-01
3.500000e+01  8.666534e-01 -3.182828e-01
3.533333e+01  8.091112e-01 -3.452532e-01
3.566667e+01  7.474167e-01 -3.701670e-01
3.600000e+01  6.819336e-01 -3.928982e-01
3.633333e+01  6.130448e-01 -4.133330e-01
3.666667e+01  5.411496e-01 -4.313713e-01
3.700000e+01  4.666618e-01 -4.469267e-01
3.733333e+01  3.900073e-01 -4.599270e-01
3.766667e+01  3.116216e-01 -4.703143e-01
3.800000e+01  2.319473e-01 -4.780459e-01
3.833333e+01  1.514317e-01 -4.830936e-01
3.866667e+01  7.052426e-02 -4.854444e-01
3.900000e+01  -1.032578e-02 -4.851003e-01
3.933333e+01  -9.067209e-02 -4.820778e-01
3.966667e+01  -1.700735e-01 -4.764087e-01
4.000000e+01  -2.480967e-01 -4.681388e-01
4.033333e+01  -3.243181e-01 -4.573282e-01
4.066667e+01  -3.983265e-01 -4.440507e-01
4.100000e+01  -4.697254e-01 -4.283932e-01
4.133333e+01  -5.381346e-01 -4.104554e-01
4.166667e+01  -6.031928e-01 -3.903489e-01
4.200000e+01  -6.645589e-01 -3.681970e-01
4.233333e+01  -7.219144e-01 -3.441332e-01
4.266667e+01  -7.749646e-01 -3.183010e-01
4.300000e+01  -8.234401e-01 -2.908530e-01
4.333333e+01  -8.670984e-01 -2.619497e-01
4.366667e+01  -9.057249e-01 -2.317589e-01
4.400000e+01  -9.391339e-01 -2.004544e-01
4.433333e+01  -9.671698e-01 -1.682154e-01
4.466667e+01  -9.897074e-01 -1.352252e-01
4.500000e+01  -1.006652e+00 -1.016701e-01
4.533333e+01  -1.017942e+00 -6.773870e-02
4.566667e+01  -1.023546e+00 -3.362051e-02
4.600000e+01  -1.023463e+00 4.949280e-04
4.633333e+01  -1.017727e+00 3.441915e-02
4.666667e+01  -1.006399e+00 6.796578e-02
4.700000e+01  -9.895737e-01 1.009516e-01
4.733333e+01  -9.673741e-01 1.331974e-01
4.766667e+01  -9.399526e-01 1.645291e-01
4.800000e+01  -9.074895e-01 1.947788e-01
4.833333e+01  -8.701919e-01 2.237852e-01
4.866667e+01  -8.282928e-01 2.513949e-01
4.900000e+01  -7.820489e-01 2.774632e-01
4.933333e+01  -7.317398e-01 3.018546e-01
4.966667e+01  -6.776659e-01 3.244434e-01
5.000000e+01  -6.201468e-01 3.451150e-01
5.033333e+01  -5.595192e-01 3.637656e-01
5.066667e+01  -4.961352e-01 3.803035e-01
5.100000e+01  -4.303604e-01 3.946488e-01
5.133333e+01  -3.625714e-01 4.067345e-01
5.166667e+01  -2.931536e-01 4.165063e-01
5.200000e+01  -2.224998e-01 4.239230e-01
5.233333e+01  -1.510071e-01 4.289565e-01
5.266667e+01  -7.907499e-02 4.315924e-01
5.300000e+01  -7.103467e-03 4.318292e-01
5.333333e+01  6.450967e-02 4.296788e-01
5.366667e+01  1.353708e-01 4.251665e-01
5.400000e+01  2.050924e-01 4.183301e-01
5.433333e+01  2.732958e-01 4.092202e-01
5.466667e+01  3.396124e-01 3.978998e-01
5.500000e+01  4.036864e-01 3.844436e-01
5.533333e+01  4.651760e-01 3.689377e-01
5.566667e+01  5.237558e-01 3.514792e-01
5.600000e+01  5.791184e-01 3.321752e-01
5.633333e+01  6.309755e-01 3.111427e-01
5.666667e+01  6.790601e-01 2.885074e-01
5.700000e+01  7.231272e-01 2.644031e-01
5.733333e+01  7.629558e-01 2.389713e-01
5.766667e+01  7.983491e-01 2.123596e-01
5.800000e+01  8.291360e-01 1.847218e-01
5.833333e+01  8.551720e-01 1.562160e-01
5.866667e+01  8.763395e-01 1.270047e-01
5.900000e+01  8.925483e-01 9.725312e-02
5.933333e+01  9.037364e-01 6.712857e-02
5.966667e+01  9.098697e-01 3.679958e-02
6.000000e+01  9.109422e-01 6.434838e-03
6.033333e+01  9.069759e-01 -2.379769e-02
6.066667e+01  8.980206e-01 -5.373171e-02
6.100000e+01  8.841534e-01 -8.320349e-02
6.133333e+01  8.654779e-01 -1.120528e-01
6.166667e+01  8.421240e-01 -1.401236e-01
6.200000e+01  8.142465e-01 -1.672651e-01
6.233333e+01  7.820244e-01 -1.933326e-01
6.266667e+01  7.456597e-01 -2.181879e-01
6.300000e+01  7.053763e-01 -2.417004e-01
6.333333e+01  6.614183e-01 -2.637477e-01
6.366667e+01  6.140490e-01 -2.842160e-01
6.400000e+01  5.635488e-01 -3.030010e-01
6.433333e+01  5.102142e-01 -3.200081e-01
6.466667e+01  4.543553e-01 -3.351533e-01
6.500000e+01  3.962948e-01 -3.483631e-01
6.533333e+01  3.363655e-01 -3.595753e-01
6.566667e+01  2.749090e-01 -3.687389e-01
6.600000e+01  2.122733e-01 -3.758147e-01
6.633333e+01  1.488107e-01 -3.807751e-01
6.666667e+01  8.487669e-02 -3.836043e-01
6.700000e+01  2.082694e-02 -3.842985e-01
6.733333e+01  -4.298402e-02 -3.828657e-01
6.766667e+01  -1.062049e-01 -3.793256e-01
6.800000e+01  -1.684898e-01 -3.737092e-01
6.833333e+01  -2.294997e-01 -3.660593e-01
6.866667e+01  -2.889045e-01 -3.564291e-01
6.900000e+01  -3.463850e-01 -3.448829e-01
6.933333e+01  -4.016342e-01 -3.314951e-01
6.966667e+01  -4.543592e-01 -3.163498e-01
7.000000e+01  -5.042826e-01 -2.995404e-01
7.033333e+01  -5.511441e-01 -2.811689e-01
7.066667e+01  -5.947017e-01 -2.613455e-01
7.100000e+01  -6.347330e-01 -2.401878e-01
7.133333e+01  -6.710363e-01 -2.178199e-01
7.166667e+01  -7.034316e-01 -1.943722e-01
7.200000e+01  -7.317617e-01 -1.699801e-01
7.233333e+01  -7.558923e-01 -1.447837e-01
7.266667e+01  -7.757134e-01 -1.189266e-01
7.300000e+01  -7.911393e-01 -9.255529e-02
7.333333e+01  -8.021090e-01 -6.581832e-02
7.366667e+01  -8.085866e-01 -3.886544e-02
7.400000e+01  -8.105610e-01 -1.184674e-02
7.433333e+01  -8.080463e-01 1.508814e-02
7.466667e+01  -8.010812e-01 4.179084e-02
7.500000e+01  -7.897287e-01 6.811513e-02
7.533333e+01  -7.740757e-01 9.391766e-02
7.566667e+01  -7.542326e-01 1.190587e-01
7.600000e+01  -7.303321e-01 1.434031e-01
7.633333e+01  -7.025286e-01 1.668208e-01
7.666667e+01  -6.709974e-01 1.891873e-01
7.700000e+01  -6.359332e-01 2.103851e-01
7.733333e+01  -5.975493e-01 2.303034e-01
7.766667e+01  -5.560761e-01 2.488393e-01
7.800000e+01  -5.117598e-01 2.658980e-01
7.833333e+01  -4.648609e-01 2.813933e-01
7.866667e+01  -4.156528e-01 2.952484e-01
7.900000e+01  -3.644202e-01 3.073958e-01
7.933333e+01  -3.114572e-01 3.177777e-01
7.966667e+01  -2.570661e-01 3.263465e-01
8.000000e+01  -2.015553e-01 3.330650e-01
8.033333e+01  -1.452376e-01 3.379063e-01
8.066667e+01  -8.842860e-02 3.408539e-01
8.100000e+01  -3.144492e-02 3.419021e-01
8.133333e+01  2.539766e-02 3.410555e-01
8.166667e+01  8.178588e-02 3.383293e-01
8.200000e+01  1.374107e-01 3.337489e-01
8.233333e+01  1.919690e-01 3.273500e-01
8.266667e+01  2.451653e-01 3.191778e-01
8.300000e+01  2.967132e-01 3.092873e-01
8.333333e+01  3.463370e-01 2.977428e-01
8.366667e+01  3.937732e-01 2.846170e-01
8.400000e+01  4.387717e-01 2.699913e-01
8.433333e+01  4.810975e-01 2.539547e-01
8.466667e+01  5.205315e-01 2.366037e-01
8.500000e+01  5.568717e-01 2.180413e-01
8.533333e+01  5.899345e-01 1.983768e-01
8.566667e+01  6.195553e-01 1.777249e-01
8.600000e+01  6.455895e-01 1.562053e-01
8.633333e+01  6.679131e-01 1.339415e-01
8.666667e+01  6.864232e-01 1.110607e-01
8.700000e+01  7.010387e-01 8.769279e-02
8.733333e+01  7.117003e-01 6.396945e-02
8.766667e+01  7.183709e-01 4.002375e-02
8.800000e+01  7.210358e-01 1.598923e-02
8.833333e+01  7.197023e-01 -8.000849e-03
8.866667e+01  7.143999e-01 -3.181418e-02
8.900000e+01  7.051799e-01 -5.532018e-02
8.933333e+01  6.921148e-01 -7.839067e-02
8.966667e+01  6.752980e-01 -1.009006e-01
9.000000e+01  6.548432e-01 -1.227287e-01
9.033333e+01  6.308835e-01 -1.437582e-01
9.066667e+01  6.035707e-01 -1.638772e-01
9.100000e+01  5.730741e-01 -1.829797e-01
9.133333e+01  5.395798e-01 -2.009656e-01
9.166667e+01  5.032895e-01 -2.177420e-01
9.200000e+01  4.644190e-01 -2.332226e-01
9.233333e+01  4.231975e-01 -2.473292e-01
9.266667e+01  3.798656e-01 -2.599914e-01
9.300000e+01  3.346744e-01 -2.711472e-01
9.333333e+01  2.878839e-01 -2.807433e-01
9.366667e+01  2.397613e-01 -2.887353e-01
9.400000e+01  1.905800e-01 -2.950880e-01
9.433333e+01  1.406174e-01 -2.997753e-01
9.466667e+01  9.015402e-02 -3.027804e-01
9.500000e+01  3.947133e-02 -3.040961e-01
9.533333e+01  -1.114941e-02 -3.037245e-01
9.566667e+01  -6.142888e-02 -3.016768e-01
9.600000e+01  -1.110912e-01 -2.979738e-01
9.633333e+01  -1.598653e-01 -2.926449e-01
9.666667e+01  -2.074868e-01 -2.857287e-01
9.700000e+01  -2.536988e-01 -2.772721e-01
9.733333e+01  -2.982539e-01 -2.673303e-01
9.766667e+01  -3.409149e-01 -2.559665e-01
9.800000e+01  -3.814568e-01 -2.432512e-01
9.833333e+01  -4.196672e-01 -2.292623e-01
9.866667e+01  -4.553479e-01 -2.140841e-01
9.900000e+01  -4.883157e-01 -1.978069e-01
9.933333e+01  -5.184035e-01 -1.805268e-01
9.966667e+01  -5.454609e-01 -1.623447e-01
1.000000e+02  -5.693553e-01 -1.433662e-01
1.003333e+02  -5.899721e-01 -1.237005e-01
1.006667e+02  -6.072154e-01 -1.034600e-01
1.010000e+02  -6.210087e-01 -8.275969e-02
1.013333e+02  -6.312948e-01 -6.171653e-02
1.016667e+02  -6.380362e-01 -4.044865e-02
1.020000e+02  -6.412153e-01 -1.907481e-02
1.023333e+02  -6.408343e-01 2.286332e-03
1.026667e+02  -6.369148e-01 2.351683e-02
1.030000e+02  -6.294981e-01 4.450010e-02
1.033333e+02  -6.186445e-01 6.512158e-02
1.036667e+02  -6.044330e-01 8.526935e-02
1.040000e+02  -5.869605e-01 1.048347e-01
1.043333e+02  -5.663417e-01 1.237128e-01
1.046667e+02  -5.427079e-01 1.418030e-01
1.050000e+02  -5.162062e-01 1.590099e-01
1.053333e+02  -4.869990e-01 1.752432e-01
1.056667e+02  -4.552626e-01 1.904186e-01
1.060000e+02  -4.211862e-01 2.044582e-01
1.063333e+02  -3.849712e-01 2.172905e-01
1.066667e+02  -3.468292e-01 2.288515e-01
1.070000e+02  -3.069819e-01 2.390842e-01
1.073333e+02  -2.656586e-01 2.479395e-01
1.076667e+02  -2.230959e-01 2.553760e-01
1.080000e+02  -1.795358e-01 2.613606e-01
1.083333e+02  -1.352245e-01 2.658681e-01
1.086667e+02  -9.041088e-02 2.688818e-01
1.090000e+02  -4.534533e-02 2.703933e-01
1.093333e+02  -2.782415e-04 2.704025e-01
1.096667e+02  4.454140e-02 2.689178e-01
1.100000e+02  8.886733e-02 2.659556e-01
1.103333e+02  1.324574e-01 2.615403e-01
1.106667e+02  1.750748e-01 2.557045e-01
1.110000e+02  2.164895e-01 2.484882e-01
1.113333e+02  2.564793e-01 2.399389e-01
1.116667e+02  2.948312e-01 2.301112e-01
1.120000e+02  3.313423e-01 2.190664e-01
1.123333e+02  3.658210e-01 2.068724e-01
1.126667e+02  3.980881e-01 1.936028e-01
1.130000e+02  4.279776e-01 1.793369e-01
1.133333e+02  4.553374e-01 1.641590e-01
1.136667e+02  4.800304e-01 1.481580e-01
1.140000e+02  5.019349e-01 1.314268e-01
1.143333e+02  5.209452e-01 1.140619e-01
1.146667e+02  5.369724e-01 9.616287e-02
1.150000e+02  5.499443e-01 7.783140e-02
1.153333e+02  5.598061e-01 5.917119e-02
1.156667e+02  5.665206e-01 4.028717e-02
1.160000e+02  5.700681e-01 2.128490e-02
1.163333e+02  5.704465e-01 2.270017e-03
1.166667e+02  5.676711e-01 -1.665235e-02
1.170000e+02  5.617747e-01 -3.537818e-02
1.173333e+02  5.528072e-01 -5.380508e-02
1.176667e+02  5.408350e-01 -7.183292e-02
1.180000e+02  5.259410e-01 -8.936428e-02
1.183333e+02  5.082235e-01 -1.063051e-01
1.186667e+02  4.877960e-01 -1.225649e-01
1.190000e+02  4.647864e-01 -1.380578e-01
1.193333e+02  4.393360e-01 -1.527023e-01
1.196667e+02  4.115989e-01 -1.664223e-01
1.200000e+02  3.817411e-01 -1.791470e-01
1.203333e+02  3.499391e-01 -1.908116e-01
1.206667e+02  3.163795e-01 -2.013576e-01
1.210000e+02  2.812574e-01 -2.107329e-01
1.213333e+02  2.447754e-01 -2.188921e-01
1.216667e+02  2.071426e-01 -2.257968e-01
1.220000e+02  1.685733e-01 -2.314159e-01
1.223333e+02  1.292857e-01 -2.357254e-01
1.226667e+02  8.950088e-02 -2.387088e-01
1.230000e+02  4.944141e-02 -2.403569e-01
1.233333e+02  9.330098e-03 -2.406679e-01
1.236667e+02  -3.061115e-02 -2.396475e-01
1.240000e+02  -7.016260e-02 -2.373087e-01
1.243333e+02  -1.091079e-01 -2.336718e-01
1.246667e+02  -1.472352e-01 -2.287640e-01
1.250000e+02  -1.843385e-01 -2.226193e-01
1.253333e+02  -2.202182e-01 -2.152787e-01
1.256667e+02  -2.546831e-01 -2.067893e-01
1.260000e+02  -2.875505e-01 -1.972043e-01
1.263333e+02  -3.186476e-01 -1.865827e-01
1.266667e+02  -3.478124e-01 -1.749889e-01
1.270000e+02  -3.748945e-01 -1.624925e-01
1.273333e+02  -3.997557e-01 -1.491673e-01
1.276667e+02  -4.222710e-01 -1.350916e-01
1.280000e+02  -4.423289e-01 -1.203473e-01
1.283333e+02  -4.598321e-01 -1.050195e-01
1.286667e+02  -4.746982e-01 -8.919626e-02
1.290000e+02  -4.868594e-01 -7.296762e-02
1.293333e+02  -4.962637e-01 -5.642549e-02
1.296667e+02  -5.028742e-01 -3.966302e-02
1.300000e+02  -5.066699e-01 -2.277402e-02
1.303333e+02  -5.076453e-01 -5.852514e-03
1.306667e+02  -5.058106e-01 1.100784e-02
1.310000e+02  -5.011916e-01 2.771423e-02
1.313333e+02  -4.938291e-01 4.417520e-02
1.316667e+02  -4.837789e-01 6.030116e-02
1.320000e+02  -4.711114e-01 7.600487e-02
1.323333e+02  -4.559111e-01 9.120191e-02
1.326667e+02  -4.382759e-01 1.058111e-01
1.330000e+02  -4.183167e-01 1.197550e-01
1.333333e+02  -3.961567e-01 1.329602e-01
1.336667e+02  -3.719304e-01 1.453579e-01
1.340000e+02  -3.457830e-01 1.568840e-01
1.343333e+02  -3.178698e-01 1.674797e-01
1.346667e+02  -2.883545e-01 1.770915e-01
1.350000e+02  -2.574092e-01 1.856718e-01
1.353333e+02  -2.252127e-01 1.931789e-01
1.356667e+02  -1.919499e-01 1.995772e-01
1.360000e+02  -1.578103e-01 2.048376e-01
1.363333e+02  -1.229874e-01 2.089371e-01
1.366667e+02  -8.767748e-02 2.118597e-01
1.370000e+02  -5.207821e-02 2.135957e-01
1.373333e+02  -1.638789e-02 2.141419e-01
1.376667e+02  1.919579e-02 2.135021e-01
1.380000e+02  5.447682e-02 2.116862e-01
1.383333e+02  8.926194e-02 2.087108e-01
1.386667e+02  1.233617e-01 2.045987e-01
1.390000e+02  1.565916e-01 1.993790e-01
1.393333e+02  1.887727e-01 1.930866e-01
1.396667e+02  2.197330e-01 1.857621e-01
1.400000e+02  2.493083e-01 1.774519e-01
1.403333e+02  2.773428e-01 1.682071e-01
1.406667e+02  3.036902e-01 1.580841e-01
1.410000e+02  3.282141e-01 1.471436e-01
1.413333e+02  3.507892e-01 1.354506e-01
1.416667e+02  3.713015e-01 1.230739e-01
1.420000e+02  3.896492e-01 1.100856e-01
1.423333e+02  4.057426e-01 9.656087e-02
1.426667e+02  4.195055e-01 8.257735e-02
1.430000e+02  4.308747e-01 6.821486e-02
1.433333e+02  4.398005e-01 5.355484e-02
1.436667e+02  4.462471e-01 3.867994e-02
1.440000e+02  4.501927e-01 2.367352e-02
1.443333e+02  4.516292e-01 8.619208e-03
1.446667e+02  4.505627e-01 -6.399547e-03
1.450000e+02  4.470127e-01 -2.129997e-02
1.453333e+02  4.410126e-01 -3.600039e-02
1.456667e+02  4.326091e-01 -5.042069e-02
1.460000e+02  4.218620e-01 -6.448276e-02
1.463333e+02  4.088435e-01 -7.811088e-02
1.466667e+02  3.936382e-01 -9.123215e-02
1.470000e+02  3.763420e-01 -1.037769e-01
1.473333e+02  3.570622e-01 -1.156790e-01
1.476667e+02  3.359162e-01 -1.268762e-01
1.480000e+02  3.130311e-01 -1.373105e-01
1.483333e+02  2.885430e-01 -1.469286e-01
1.486667e+02  2.625960e-01 -1.556818e-01
1.490000e+02  2.353416e-01 -1.635266e-01
1.493333e+02  2.069375e-01 -1.704245e-01
1.496667e+02  1.775471e-01 -1.763427e-01
1.500000e+02  1.473381e-01 -1.812540e-01
1.503333e+02  1.164819e-01 -1.851367e-01
1.506667e+02  8.515275e-02 -1.879751e-01
1.510000e+02  5.352620e-02 -1.897593e-01
1.513333e+02  2.177865e-02 -1.904853e-01
1.516667e+02  -9.913825e-03 -1.901548e-01
1.520000e+02  -4.137643e-02 -1.887756e-01
1.523333e+02  -7.243661e-02 -1.863611e-01
1.526667e+02  -1.029250e-01 -1.829302e-01
1.530000e+02  -1.326763e-01 -1.785077e-01
1.533333e+02  -1.615302e-01 -1.731234e-01
1.536667e+02  -1.893322e-01 -1.668123e-01
1.540000e+02  -2.159346e-01 -1.596145e-01
1.543333e+02  -2.411970e-01 -1.515746e-01
1.546667e+02  -2.649873e-01 -1.427416e-01
1.550000e+02  -2.871821e-01 -1.331689e-01
1.553333e+02  -3.076677e-01 -1.229133e-01
1.556667e+02  -3.263402e-01 -1.120353e-01
1.560000e+02  -3.431066e-01 -1.005984e-01
1.563333e+02  -3.578848e-01 -8.866893e-02
1.566667e+02  -3.706040e-01 -7.631546e-02
1.570000e+02  -3.812055e-01 -6.360862e-02
1.573333e+02  -3.896422e-01 -5.062054e-02
1.576667e+02  -3.958797e-01 -3.742455e-02
1.580000e+02  -3.998954e-01 -2.409470e-02
1.583333e+02  -4.016797e-01 -1.070538e-02
1.586667e+02  -4.012348e-01 2.669112e-03
1.590000e+02  -3.985757e-01 1.595497e-02
1.593333e+02  -3.937291e-01 2.907927e-02
1.596667e+02  -3.867340e-01 4.197041e-02
1.600000e+02  -3.776410e-01 5.455844e-02
1.603333e+02  -3.665117e-01 6.677550e-02
1.606667e+02  -3.534190e-01 7.855613e-02
1.610000e+02  -3.384461e-01 8.983767e-02
1.613333e+02  -3.216860e-01 1.005605e-01
1.616667e+02  -3.032412e-01 1.106686e-01
1.620000e+02  -2.832230e-01 1.201093e-01
1.623333e+02  -2.617506e-01 1.288344e-01
1.626667e+02  -2.389507e-01 1.367994e-01
1.630000e+02  -2.149566e-01 1.439646e-01
1.633333e+02  -1.899075e-01 1.502949e-01
1.636667e+02  -1.639475e-01 1.557598e-01
1.640000e+02  -1.372252e-01 1.603339e-01
1.643333e+02  -1.098924e-01 1.639970e-01
1.646667e+02  -8.210339e-02 1.667338e-01
1.650000e+02  -5.401434e-02 1.685343e-01
1.653333e+02  -2.578206e-02 1.693937e-01
1.656667e+02  2.436684e-03 1.693125e-01
1.660000e+02  3.048606e-02 1.682963e-01
1.663333e+02  5.821204e-02 1.663559e-01
1.666667e+02  8.546322e-02 1.635071e-01
1.670000e+02  1.120917e-01 1.597707e-01
1.673333e+02  1.379537e-01 1.551722e-01
1.676667e+02  1.629107e-01 1.497419e-01
1.680000e+02  1.868297e-01 1.435142e-01
1.683333e+02  2.095844e-01 1.365281e-01
1.686667e+02  2.310554e-01 1.288262e-01
1.690000e+02  2.511313e-01 1.204552e-01
1.693333e+02  2.697088e-01 1.114649e-01
1.696667e+02  2.866935e-01 1.019084e-01
1.700000e+02  3.020005e-01 9.184176e-02
1.703333e+02  3.155544e-01 8.132328e-02
1.706667e+02  3.272900e-01 7.041362e-02
1.710000e+02  3.371525e-01 5.917520e-02
1.713333e+02  3.450978e-01 4.767194e-02
1.716667e+02  3.510926e-01 3.596885e-02
1.720000e+02  3.551146e-01 2.413170e-02
1.723333e+02  3.571524e-01 1.222662e-02
1.726667e+02  3.572057e-01 3.197629e-04
1.730000e+02  3.552851e-01 -1.152308e-02
1.733333e+02  3.514123e-01 -2.323682e-02
1.736667e+02  3.456194e-01 -3.475747e-02
1.740000e+02  3.379490e-01 -4.602243e-02
1.743333e+02  3.284539e-01 -5.697090e-02
1.746667e+02  3.171965e-01 -6.754411e-02
1.750000e+02  3.042489e-01 -7.768574e-02
1.753333e+02  2.896919e-01 -8.734214e-02
1.756667e+02  2.736148e-01 -9.646263e-02
1.760000e+02  2.561148e-01 -1.049998e-01
1.763333e+02  2.372965e-01 -1.129097e-01
1.766667e+02  2.172712e-01 -1.201520e-01
1.770000e+02  1.961561e-01 -1.266906e-01
1.773333e+02  1.740739e-01 -1.324930e-01
1.776667e+02  1.511520e-01 -1.375314e-01
1.780000e+02  1.275216e-01 -1.417822e-01
1.783333e+02  1.033173e-01 -1.452261e-01
1.786667e+02  7.867586e-02 -1.478486e-01
1.790000e+02  5.373589e-02 -1.496398e-01
1.793333e+02  2.863683e-02 -1.505944e-01
1.796667e+02  3.518222e-03 -1.507116e-01
1.800000e+02  -2.148105e-02 -1.499956e-01
1.803333e+02  -4.622352e-02 -1.484548e-01
1.806667e+02  -7.057391e-02 -1.461024e-01
1.810000e+02  -9.439986e-02 -1.429557e-01
1.813333e+02  -1.175726e-01 -1.390366e-01
1.816667e+02  -1.399678e-01 -1.343710e-01
1.820000e+02  -1.614659e-01 -1.289888e-01
1.823333e+02  -1.819532e-01 -1.229237e-01
1.826667e+02  -2.013220e-01 -1.162130e-01
1.830000e+02  -2.194716e-01 -1.088973e-01
1.833333e+02  -2.363083e-01 -1.010203e-01
1.836667e+02  -2.517464e-01 -9.262876e-02
1.840000e+02  -2.657084e-01 -8.377182e-02
1.843333e+02  -2.781252e-01 -7.450098e-02
1.846667e+02  -2.889369e-01 -6.486975e-02
1.850000e+02  -2.980924e-01 -5.493333e-02
1.853333e+02  -3.055505e-01 -4.474832e-02
1.856667e+02  -3.112792e-01 -3.437234e-02
1.860000e+02  -3.152565e-01 -2.386380e-02
1.863333e+02  -3.174701e-01 -1.328146e-02
1.866667e+02  -3.179174e-01 -2.684212e-03
1.870000e+02  -3.166059e-01 7.869317e-03
1.873333e+02  -3.135524e-01 1.832106e-02
1.876667e+02  -3.087834e-01 2.861384e-02
1.880000e+02  -3.023348e-01 3.869167e-02
1.883333e+02  -2.942514e-01 4.850005e-02
1.886667e+02  -2.845871e-01 5.798629e-02
1.890000e+02  -2.734038e-01 6.709974e-02
1.893333e+02  -2.607717e-01 7.579214e-02
1.896667e+02  -2.467688e-01 8.401776e-02
1.900000e+02  -2.314798e-01 9.173376e-02
1.903333e+02  -2.149964e-01 9.890030e-02
1.906667e+02  -1.974163e-01 1.054808e-01
1.910000e+02  -1.788426e-01 1.114423e-01
1.913333e+02  -1.593834e-01 1.167550e-01
1.916667e+02  -1.391512e-01 1.213934e-01
1.920000e+02  -1.182619e-01 1.253355e-01
1.923333e+02  -9.683471e-02 1.285633e-01
1.926667e+02  -7.499088e-02 1.310630e-01
1.930000e+02  -5.285342e-02 1.328248e-01
1.933333e+02  -3.054625e-02 1.338430e-01
1.936667e+02  -8.193564e-03 1.341161e-01
1.940000e+02  1.408089e-02 1.336467e-01
1.943333e+02  3.615449e-02 1.324416e-01
1.946667e+02  5.790639e-02 1.305114e-01
1.950000e+02  7.921819e-02 1.278708e-01
1.953333e+02  9.997457e-02 1.245383e-01
1.956667e+02  1.200639e-01 1.205362e-01
1.960000e+02  1.393790e-01 1.158902e-01
1.963333e+02  1.578172e-01 1.106296e-01
1.966667e+02  1.752817e-01 1.047869e-01
1.970000e+02  1.916813e-01 9.839752e-02
1.973333e+02  2.069313e-01 9.149981e-02
1.976667e+02  2.209537e-01 8.413469e-02
1.980000e+02  2.336780e-01 7.634542e-02
1.983333e+02  2.450409e-01 6.817740e-02
1.986667e+02  2.549872e-01 5.967782e-02
1.990000e+02  2.634697e-01 5.089550e-02
1.993333e+02  2.704498e-01 4.188050e-02
1.996667e+02  2.758972e-01 3.268393e-02
2.000000e+02  2.797901e-01 2.335760e-02
2.003333e+02  2.821157e-01 1.395374e-02
2.006667e+02  2.828698e-01 4.524745e-03
2.010000e+02  2.820570e-01 -4.877154e-03
2.013333e+02  2.796903e-01 -1.420016e-02
2.016667e+02  2.757914e-01 -2.339321e-02
2.020000e+02  2.703904e-01 -3.240622e-02
2.023333e+02  2.635253e-01 -4.119040e-02
2.026667e+02  2.552422e-01 -4.969847e-02
2.030000e+02  2.455947e-01 -5.788497e-02
2.033333e+02  2.346437e-01 -6.570642e-02
2.036667e+02  2.224567e-01 -7.312164e-02
2.040000e+02  2.091081e-01 -8.009191e-02
2.043333e+02  1.946779e-01 -8.658118e-02
2.046667e+02  1.792518e-01 -9.255624e-02
2.050000e+02  1.629207e-01 -9.798693e-02
2.053333e+02  1.457796e-01 -1.028462e-01
2.056667e+02  1.279279e-01 -1.071105e-01
2.060000e+02  1.094680e-01 -1.107594e-01
2.063333e+02  9.050527e-02 -1.137763e-01
2.066667e+02  7.114729e-02 -1.161479e-01
2.070000e+02  5.150318e-02 -1.178646e-01
2.073333e+02  3.168306e-02 -1.189207e-01
2.076667e+02  1.179740e-02 -1.193140e-01
2.080000e+02  -8.043581e-03 -1.190459e-01
2.083333e+02  -2.773050e-02 -1.181215e-01
2.086667e+02  -4.715544e-02 -1.165497e-01
2.090000e+02  -6.621254e-02 -1.143426e-01
2.093333e+02  -8.479854e-02 -1.115160e-01
2.096667e+02  -1.028133e-01 -1.080889e-01
2.100000e+02  -1.201606e-01 -1.040835e-01
2.103333e+02  -1.367481e-01 -9.952523e-02
2.106667e+02  -1.524885e-01 -9.444228e-02
2.110000e+02  -1.672994e-01 -8.886563e-02
2.113333e+02  -1.811043e-01 -8.282882e-02
2.116667e+02  -1.938322e-01 -7.636775e-02
2.120000e+02  -2.054190e-01 -6.952045e-02
2.123333e+02  -2.158068e-01 -6.232689e-02
2.126667e+02  -2.249449e-01 -5.482873e-02
2.130000e+02  -2.327897e-01 -4.706907e-02
2.133333e+02  -2.393051e-01 -3.909223e-02
2.136667e+02  -2.444624e-01 -3.094349e-02
2.140000e+02  -2.482405e-01 -2.266880e-02
2.143333e+02  -2.506263e-01 -1.431460e-02
2.146667e+02  -2.516142e-01 -5.927457e-03
2.150000e+02  -2.512065e-01 2.446092e-03
2.153333e+02  -2.494132e-01 1.075986e-02
2.156667e+02  -2.462518e-01 1.896826e-02
2.160000e+02  -2.417474e-01 2.702650e-02
2.163333e+02  -2.359322e-01 3.489091e-02
2.166667e+02  -2.288457e-01 4.251910e-02
2.170000e+02  -2.205340e-01 4.987023e-02
2.173333e+02  -2.110498e-01 5.690523e-02
2.176667e+02  -2.004520e-01 6.358696e-02
2.180000e+02  -1.888052e-01 6.988047e-02
2.183333e+02  -1.761797e-01 7.575312e-02
2.186667e+02  -1.626506e-01 8.117481e-02
2.190000e+02  -1.482976e-01 8.611806e-02
2.193333e+02  -1.332045e-01 9.055821e-02
2.196667e+02  -1.174589e-01 9.447351e-02
2.200000e+02  -1.011514e-01 9.784522e-02
2.203333e+02  -8.437511e-02 1.006577e-01
2.206667e+02  -6.722535e-02 1.028986e-01
2.210000e+02  -4.979893e-02 1.045585e-01
2.213333e+02  -3.219365e-02 1.056317e-01
2.216667e+02  -1.450778e-02 1.061153e-01
2.220000e+02  3.160541e-03 1.060099e-01
2.223333e+02  2.071378e-02 1.053194e-01
2.226667e+02  3.805560e-02 1.040509e-01
2.230000e+02  5.509136e-02 1.022145e-01
2.233333e+02  7.172862e-02 9.982359e-02
2.236667e+02  8.787768e-02 9.689433e-02
2.240000e+02  1.034520e-01 9.344593e-02
2.243333e+02  1.183687e-01 8.950031e-02
2.246667e+02  1.325491e-01 8.508201e-02
2.250000e+02  1.459187e-01 8.021805e-02
2.253333e+02  1.584084e-01 7.493777e-02
2.256667e+02  1.699538e-01 6.927264e-02
2.260000e+02  1.804965e-01 6.325609e-02
2.263333e+02  1.899837e-01 5.692330e-02
2.266667e+02  1.983689e-01 5.031101e-02
2.270000e+02  2.056117e-01 4.345728e-02
2.273333e+02  2.116786e-01 3.640133e-02
2.276667e+02  2.165425e-01 2.918325e-02
2.280000e+02  2.201831e-01 2.184381e-02
2.283333e+02  2.225872e-01 1.442424e-02
2.286667e+02  2.237482e-01 6.965963e-03
2.290000e+02  2.236666e-01 -4.895896e-04
2.293333e+02  2.223497e-01 -7.901246e-03
2.296667e+02  2.198117e-01 -1.522830e-02
2.300000e+02  2.160732e-01 -2.243074e-02
2.303333e+02  2.111616e-01 -2.946946e-02
2.306667e+02  2.051105e-01 -3.630648e-02
2.310000e+02  1.979597e-01 -4.290514e-02
2.313333e+02  1.897546e-01 -4.923029e-02
2.316667e+02  1.805465e-01 -5.524851e-02
2.320000e+02  1.703918e-01 -6.092824e-02
2.323333e+02  1.593518e-01 -6.623997e-02
2.326667e+02  1.474925e-01 -7.115638e-02
2.330000e+02  1.348837e-01 -7.565250e-02
2.333333e+02  1.215994e-01 -7.970582e-02
2.336667e+02  1.077167e-01 -8.329637e-02
2.340000e+02  9.331552e-02 -8.640689e-02
2.343333e+02  7.847838e-02 -8.902284e-02
2.346667e+02  6.328963e-02 -9.113249e-02
2.350000e+02  4.783514e-02 -9.272700e-02
2.353333e+02  3.220174e-02 -9.380039e-02
2.356667e+02  1.647680e-02 -9.434961e-02
2.360000e+02  7.477123e-04 -9.437454e-02
2.363333e+02  -1.489861e-02 -9.387792e-02
2.366667e+02  -3.037617e-02 -9.286538e-02
2.370000e+02  -4.560040e-02 -9.134536e-02
2.373333e+02  -6.048858e-02 -8.932908e-02
2.376667e+02  -7.496031e-02 -8.683040e-02
2.380000e+02  -8.893794e-02 -8.386580e-02
2.383333e+02  -1.023470e-01 -8.045424e-02
2.386667e+02  -1.151165e-01 -7.661702e-02
2.390000e+02  -1.271794e-01 -7.237771e-02
2.393333e+02  -1.384731e-01 -6.776194e-02
2.396667e+02  -1.489393e-01 -6.279729e-02
2.400000e+02  -1.585248e-01 -5.751313e-02
2.403333e+02  -1.671816e-01 -5.194041e-02
2.406667e+02  -1.748668e-01 -4.611152e-02
2.410000e+02  -1.815435e-01 -4.006007e-02
2.413333e+02  -1.871803e-01 -3.382073e-02
2.416667e+02  -1.917518e-01 -2.742900e-02
2.420000e+02  -1.952386e-01 -2.092105e-02
2.423333e+02  -1.976275e-01 -1.433346e-02
2.426667e+02  -1.989114e-01 -7.703081e-03
2.430000e+02  -1.990892e-01 -1.066775e-03
2.433333e+02  -1.981661e-01 5.538760e-03
2.436667e+02  -1.961532e-01 1.207720e-02
2.440000e+02  -1.930677e-01 1.851279e-02
2.443333e+02  -1.889326e-01 2.481054e-02
2.446667e+02  -1.837766e-01 3.093643e-02
2.450000e+02  -1.776336e-01 3.685755e-02
2.453333e+02  -1.705432e-01 4.254233e-02
2.456667e+02  -1.625498e-01 4.796065e-02
2.460000e+02  -1.537025e-01 5.308407e-02
2.463333e+02  -1.440548e-01 5.788590e-02
2.466667e+02  -1.336646e-01 6.234138e-02
2.470000e+02  -1.225933e-01 6.642782e-02
2.473333e+02  -1.109058e-01 7.012468e-02
2.476667e+02  -9.867021e-02 7.341369e-02
2.480000e+02  -8.595706e-02 7.627893e-02
2.483333e+02  -7.283924e-02 7.870690e-02
2.486667e+02  -5.939147e-02 8.068662e-02
2.490000e+02  -4.568987e-02 8.220961e-02
2.493333e+02  -3.181154e-02 8.327000e-02
2.496667e+02  -1.783413e-02 8.386447e-02
2.500000e+02  -3.835407e-03 8.399232e-02
2.503333e+02  1.010716e-02 8.365541e-02
2.506667e+02  2.391686e-02 8.285818e-02
2.510000e+02  3.751812e-02 8.160758e-02
2.513333e+02  5.083696e-02 7.991301e-02
2.516667e+02  6.380134e-02 7.778630e-02
2.520000e+02  7.634160e-02 7.524158e-02
2.523333e+02  8.839081e-02 7.229522e-02
2.526667e+02  9.988509e-02 6.896572e-02
2.530000e+02  1.107640e-01 6.527358e-02
2.533333e+02  1.209709e-01 6.124122e-02
2.536667e+02  1.304530e-01 5.689279e-02
2.540000e+02  1.391620e-01 5.225405e-02
2.543333e+02  1.470541e-01 4.735225e-02
2.546667e+02  1.540901e-01 4.221591e-02
2.550000e+02  1.602358e-01 3.687472e-02
2.553333e+02  1.654624e-01 3.135931e-02
2.556667e+02  1.697459e-01 2.570111e-02
2.560000e+02  1.730679e-01 1.993218e-02
2.563333e+02  1.754154e-01 1.408500e-02
2.566667e+02  1.767808e-01 8.192301e-03
2.570000e+02  1.771620e-01 2.286902e-03
2.573333e+02  1.765622e-01 -3.598506e-03
2.576667e+02  1.749903e-01 -9.431516e-03
2.580000e+02  1.724603e-01 -1.518019e-02
2.583333e+02  1.689914e-01 -2.081324e-02
2.586667e+02  1.646080e-01 -2.630017e-02
2.590000e+02  1.593395e-01 -3.161149e-02
2.593333e+02  1.532197e-01 -3.671881e-02
2.596667e+02  1.462872e-01 -4.159505e-02
2.600000e+02  1.385847e-01 -4.621454e-02
2.603333e+02  1.301592e-01 -5.055318e-02
2.606667e+02  1.210611e-01 -5.458855e-02
2.610000e+02  1.113444e-01 -5.830003e-02
2.613333e+02  1.010663e-01 -6.166891e-02
2.616667e+02  9.028654e-02 -6.467846e-02
2.620000e+02  7.906753e-02 -6.731404e-02
2.623333e+02  6.747367e-02 -6.956317e-02
2.626667e+02  5.557108e-02 -7.141553e-02
2.630000e+02  4.342723e-02 -7.286311e-02
2.633333e+02  3.111054e-02 -7.390013e-02
2.636667e+02  1.869002e-02 -7.452313e-02
2.640000e+02  6.234862e-03 -7.473096e-02
2.643333e+02  -6.185931e-03 -7.452476e-02
2.646667e+02  -1.850392e-02 -7.390796e-02
2.650000e+02  -3.065163e-02 -7.288624e-02
2.653333e+02  -4.256288e-02 -7.146748e-02
2.656667e+02  -5.417316e-02 -6.966171e-02
2.660000e+02  -6.542000e-02 -6.748104e-02
2.663333e+02  -7.624327e-02 -6.493960e-02
2.666667e+02  -8.658550e-02 -6.205341e-02
2.670000e+02  -9.639223e-02 -5.884034e-02
2.673333e+02  -1.056122e-01 -5.531993e-02
2.676667e+02  -1.141978e-01 -5.151334e-02
2.680000e+02  -1.221050e-01 -4.744317e-02
2.683333e+02  -1.292939e-01 -4.313338e-02
2.686667e+02  -1.357287e-01 -3.860909e-02
2.690000e+02  -1.413781e-01 -3.389648e-02
2.693333e+02  -1.462152e-01 -2.902264e-02
2.696667e+02  -1.502178e-01 -2.401538e-02
2.700000e+02  -1.533683e-01 -1.890311e-02
2.703333e+02  -1.556541e-01 -1.371464e-02
2.706667e+02  -1.570673e-01 -8.479061e-03
2.710000e+02  -1.576049e-01 -3.225565e-03
2.713333e+02  -1.572687e-01 2.016726e-03
2.716667e+02  -1.560656e-01 7.218912e-03
2.720000e+02  -1.540068e-01 1.235247e-02
2.723333e+02  -1.511086e-01 1.738943e-02
2.726667e+02  -1.473915e-01 2.230248e-02
2.730000e+02  -1.428807e-01 2.706517e-02
2.733333e+02  -1.376053e-01 3.165201e-02
2.736667e+02  -1.315989e-01 3.603864e-02
2.740000e+02  -1.248986e-01 4.020193e-02
2.743333e+02  -1.175452e-01 4.412010e-02
2.746667e+02  -1.095831e-01 4.777287e-02
2.750000e+02  -1.010595e-01 5.114152e-02
2.753333e+02  -9.202465e-02 5.420901e-02
2.756667e+02  -8.253131e-02 5.696005e-02
2.760000e+02  -7.263444e-02 5.938120e-02
2.763333e+02  -6.239096e-02 6.146090e-02
2.766667e+02  -5.185937e-02 6.318954e-02
2.770000e+02  -4.109945e-02 6.455952e-02
2.773333e+02  -3.017191e-02 6.556525e-02
2.776667e+02  -1.913804e-02 6.620319e-02
2.780000e+02  -8.059402e-03 6.647184e-02
2.783333e+02  3.002556e-03 6.637175e-02
2.786667e+02  1.398681e-02 6.590552e-02
2.790000e+02  2.483310e-02 6.507775e-02
2.793333e+02  3.548227e-02 6.389501e-02
2.796667e+02  4.587657e-02 6.236579e-02
2.800000e+02  5.595998e-02 6.050046e-02
2.803333e+02  6.567851e-02 5.831118e-02
2.806667e+02  7.498048e-02 5.581183e-02
2.810000e+02  8.381680e-02 5.301793e-02
2.813333e+02  9.214123e-02 4.994656e-02
2.816667e+02  9.991060e-02 4.661621e-02
2.820000e+02  1.070850e-01 4.304670e-02
2.823333e+02  1.136282e-01 3.925910e-02
2.826667e+02  1.195075e-01 3.527551e-02
2.830000e+02  1.246940e-01 3.111905e-02
2.833333e+02  1.291629e-01 2.681362e-02
2.836667e+02  1.328936e-01 2.238383e-02
2.840000e+02  1.358694e-01 1.785485e-02
2.843333e+02  1.380781e-01 1.325225e-02
2.846667e+02  1.395117e-01 8.601858e-03
2.850000e+02  1.401667e-01 3.929636e-03
2.853333e+02  1.400436e-01 -7.384833e-04
2.856667e+02  1.391475e-01 -5.376732e-03
2.860000e+02  1.374875e-01 -9.959649e-03
2.863333e+02  1.350771e-01 -1.446222e-02
2.866667e+02  1.319338e-01 -1.886001e-02
2.870000e+02  1.280789e-01 -2.312931e-02
2.873333e+02  1.235377e-01 -2.724724e-02
2.876667e+02  1.183391e-01 -3.119187e-02
2.880000e+02  1.125153e-01 -3.494238e-02
2.883333e+02  1.061022e-01 -3.847912e-02
2.886667e+02  9.913820e-02 -4.178373e-02
2.890000e+02  9.166500e-02 -4.483923e-02
2.893333e+02  8.372665e-02 -4.763012e-02
2.896667e+02  7.536957e-02 -5.014244e-02
2.900000e+02  6.664227e-02 -5.236385e-02
2.903333e+02  5.759499e-02 -5.428368e-02
2.906667e+02  4.827949e-02 -5.589299e-02
2.910000e+02  3.874872e-02 -5.718462e-02
2.913333e+02  2.905652e-02 -5.815317e-02
2.916667e+02  1.925734e-02 -5.879508e-02
2.920000e+02  9.405907e-03 -5.910861e-02
2.923333e+02  -4.430663e-04 -5.909384e-02
2.926667e+02  -1.023518e-02 -5.875267e-02
2.930000e+02  -1.991664e-02 -5.808878e-02
2.933333e+02  -2.943458e-02 -5.710763e-02
2.936667e+02  -3.873731e-02 -5.581638e-02
2.940000e+02  -4.777463e-02 -5.422390e-02
2.943333e+02  -5.649806e-02 -5.234063e-02
2.946667e+02  -6.486116e-02 -5.017859e-02
2.950000e+02  -7.281971e-02 -4.775127e-02
2.953333e+02  -8.033196e-02 -4.507353e-02
2.956667e+02  -8.735889e-02 -4.216157e-02
2.960000e+02  -9.386435e-02 -3.903276e-02
2.963333e+02  -9.981528e-02 -3.570558e-02
2.966667e+02  -1.051819e-01 -3.219952e-02
2.970000e+02  -1.099377e-01 -2.853493e-02
2.973333e+02  -1.140598e-01 -2.473294e-02
2.976667e+02  -1.175291e-01 -2.081530e-02
2.980000e+02  -1.203298e-01 -1.680431e-02
2.983333e+02  -1.224502e-01 -1.272263e-02
2.986667e+02  -1.238824e-01 -8.593220e-03
2.990000e+02  -1.246223e-01 -4.439144e-03
2.993333e+02  -1.246695e-01 -2.834930e-04
2.996667e+02  -1.240277e-01 3.850765e-03
3.000000e+02  -1.227043e-01 7.940907e-03
3.003333e+02  -1.207102e-01 1.196458e-02
3.006667e+02  -1.180602e-01 1.589992e-02
3.010000e+02  -1.147726e-01 1.972567e-02
3.013333e+02  -1.108690e-01 2.342130e-02
3.016667e+02  -1.063745e-01 2.696712e-02
3.020000e+02  -1.013171e-01 3.034436e-02
3.023333e+02  -9.572788e-02 3.353528e-02
3.026667e+02  -8.964066e-02 3.652331e-02
3.030000e+02  -8.309182e-02 3.929303e-02
3.033333e+02  -7.612009e-02 4.183037e-02
3.036667e+02  -6.876633e-02 4.412258e-02
3.040000e+02  -6.107327e-02 4.615836e-02
3.043333e+02  -5.308529e-02 4.792787e-02
3.046667e+02  -4.484816e-02 4.942281e-02
3.050000e+02  -3.640875e-02 5.063643e-02
3.053333e+02  -2.781482e-02 5.156359e-02
3.056667e+02  -1.911470e-02 5.220075e-02
3.060000e+02  -1.035703e-02 5.254598e-02
3.063333e+02  -1.590533e-03 5.259900e-02
3.066667e+02  7.136320e-03 5.236112e-02
3.070000e+02  1.577553e-02 5.183527e-02
3.073333e+02  2.427986e-02 5.102594e-02
3.076667e+02  3.260305e-02 4.993918e-02
3.080000e+02  4.070014e-02 4.858250e-02
3.083333e+02  4.852762e-02 4.696492e-02
3.086667e+02  5.604375e-02 4.509679e-02
3.090000e+02  6.320873e-02 4.298983e-02
3.093333e+02  6.998489e-02 4.065700e-02
3.096667e+02  7.633697e-02 3.811244e-02
3.100000e+02  8.223219e-02 3.537137e-02
3.103333e+02  8.764053e-02 3.245001e-02
3.106667e+02  9.253478e-02 2.936552e-02
3.110000e+02  9.689076e-02 2.613583e-02
3.113333e+02  1.006874e-01 2.277958e-02
3.116667e+02  1.039067e-01 1.931603e-02
3.120000e+02  1.065342e-01 1.576489e-02
3.123333e+02  1.085586e-01 1.214627e-02
3.126667e+02  1.099720e-01 8.480538e-03
3.130000e+02  1.107700e-01 4.788205e-03
3.133333e+02  1.109516e-01 1.089817e-03
3.136667e+02  1.105193e-01 -2.594160e-03
3.140000e+02  1.094787e-01 -6.243450e-03
3.143333e+02  1.078390e-01 -9.838084e-03
3.146667e+02  1.056126e-01 -1.335850e-02
3.150000e+02  1.028150e-01 -1.678567e-02
3.153333e+02  9.946481e-02 -2.010116e-02
3.156667e+02  9.558359e-02 -2.328728e-02
3.160000e+02  9.119573e-02 -2.632714e-02
3.163333e+02  8.632828e-02 -2.920475e-02
3.166667e+02  8.101076e-02 -3.190511e-02
3.170000e+02  7.527504e-02 -3.441428e-02
3.173333e+02  6.915514e-02 -3.671945e-02
3.176667e+02  6.268697e-02 -3.880901e-02
3.180000e+02  5.590820e-02 -4.067262e-02
3.183333e+02  4.885799e-02 -4.230122e-02
3.186667e+02  4.157681e-02 -4.368711e-02
3.190000e+02  3.410614e-02 -4.482399e-02
3.193333e+02  2.648832e-02 -4.570693e-02
3.196667e+02  1.876624e-02 -4.633247e-02
3.200000e+02  1.098315e-02 -4.669858e-02
3.203333e+02  3.182371e-03 -4.680466e-02
3.206667e+02  -4.592889e-03 -4.665156e-02
3.210000e+02  -1.229982e-02 -4.624157e-02
3.213333e+02  -1.989621e-02 -4.557836e-02
3.216667e+02  -2.734071e-02 -4.466700e-02
3.220000e+02  -3.459303e-02 -4.351390e-02
3.223333e+02  -4.161415e-02 -4.212676e-02
3.226667e+02  -4.836658e-02 -4.051454e-02
3.230000e+02  -5.481448e-02 -3.868739e-02
3.233333e+02  -6.092391e-02 -3.665660e-02
3.236667e+02  -6.666299e-02 -3.443450e-02
3.240000e+02  -7.200206e-02 -3.203443e-02
3.243333e+02  -7.691384e-02 -2.947063e-02
3.246667e+02  -8.137353e-02 -2.675818e-02
3.250000e+02  -8.535901e-02 -2.391288e-02
3.253333e+02  -8.885088e-02 -2.095119e-02
3.256667e+02  -9.183256e-02 -1.789010e-02
3.260000e+02  -9.429041e-02 -1.474709e-02
3.263333e+02  -9.621374e-02 -1.153996e-02
3.266667e+02  -9.759487e-02 -8.286800e-03
3.270000e+02  -9.842917e-02 -5.005828e-03
3.273333e+02  -9.871506e-02 -1.715326e-03
3.276667e+02  -9.845398e-02 1.566474e-03
3.280000e+02  -9.765040e-02 4.821487e-03
3.283333e+02  -9.631175e-02 8.031879e-03
3.286667e+02  -9.444839e-02 1.118016e-02
3.290000e+02  -9.207352e-02 1.424928e-02
3.293333e+02  -8.920306e-02 1.722271e-02
3.296667e+02  -8.585564e-02 2.008457e-02
3.300000e+02  -8.205236e-02 2.281964e-02
3.303333e+02  -7.781677e-02 2.541354e-02
3.306667e+02  -7.317466e-02 2.785269e-02
3.310000e+02  -6.815391e-02 3.012449e-02
3.313333e+02  -6.278436e-02 3.221730e-02
3.316667e+02  -5.709760e-02 3.412055e-02
3.320000e+02  -5.112680e-02 3.582478e-02
3.323333e+02  -4.490653e-02 3.732167e-02
3.326667e+02  -3.847251e-02 3.860408e-02
3.330000e+02  -3.186149e-02 3.966613e-02
3.333333e+02  -2.511096e-02 4.050316e-02
3.336667e+02  -1.825900e-02 4.111180e-02
3.340000e+02  -1.134401e-02 4.148993e-02
3.343333e+02  -4.404549e-03 4.163675e-02
3.346667e+02  2.520904e-03 4.155272e-02
3.350000e+02  9.394168e-03 4.123958e-02
3.353333e+02  1.617756e-02 4.070033e-02
3.356667e+02  2.283409e-02 3.993919e-02
3.360000e+02  2.932769e-02 3.896160e-02
3.363333e+02  3.562338e-02 3.777416e-02
3.366667e+02  4.168748e-02 3.638457e-02
3.370000e+02  4.748775e-02 3.480165e-02
3.373333e+02  5.299362e-02 3.303520e-02
3.376667e+02  5.817628e-02 3.109599e-02
3.380000e+02  6.300890e-02 2.899569e-02
3.383333e+02  6.746670e-02 2.674680e-02
3.386667e+02  7.152712e-02 2.436256e-02
3.390000e+02  7.516994e-02 2.185690e-02
3.393333e+02  7.837733e-02 1.924432e-02
3.396667e+02  8.113397e-02 1.653985e-02
3.400000e+02  8.342713e-02 1.375895e-02
3.403333e+02  8.524669e-02 1.091739e-02
3.406667e+02  8.658523e-02 8.031219e-03
3.410000e+02  8.743800e-02 5.116619e-03
3.413333e+02  8.780297e-02 2.189853e-03
3.416667e+02  8.768083e-02 -7.328411e-04
3.420000e+02  8.707494e-02 -3.635339e-03
3.423333e+02  8.599132e-02 -6.501717e-03
3.426667e+02  8.443860e-02 -9.316337e-03
3.430000e+02  8.242795e-02 -1.206393e-02
3.433333e+02  7.997300e-02 -1.472970e-02
3.436667e+02  7.708977e-02 -1.729936e-02
3.440000e+02  7.379656e-02 -1.975925e-02
3.443333e+02  7.011383e-02 -2.209637e-02
3.446667e+02  6.606408e-02 -2.429851e-02
3.450000e+02  6.167171e-02 -2.635423e-02
3.453333e+02  5.696288e-02 -2.825300e-02
3.456667e+02  5.196535e-02 -2.998517e-02
3.460000e+02  4.670833e-02 -3.154212e-02
3.463333e+02  4.122229e-02 -3.291619e-02
3.466667e+02  3.553882e-02 -3.410082e-02
3.470000e+02  2.969041e-02 -3.509050e-02
3.473333e+02  2.371027e-02 -3.588084e-02
3.476667e+02  1.763217e-02 -3.646858e-02
3.480000e+02  1.149024e-02 -3.685159e-02
3.483333e+02  5.318757e-03 -3.702888e-02
3.486667e+02  -8.480126e-04 -3.700062e-02
3.490000e+02  -6.976026e-03 -3.676808e-02
3.493333e+02  -1.303164e-02 -3.633369e-02
3.496667e+02  -1.898180e-02 -3.570097e-02
3.500000e+02  -2.479422e-02 -3.487449e-02
3.503333e+02  -3.043754e-02 -3.385991e-02
3.506667e+02  -3.588151e-02 -3.266386e-02
3.510000e+02  -4.109717e-02 -3.129395e-02
3.513333e+02  -4.605696e-02 -2.975872e-02
3.516667e+02  -5.073489e-02 -2.806756e-02
3.520000e+02  -5.510666e-02 -2.623067e-02
3.523333e+02  -5.914983e-02 -2.425901e-02
3.526667e+02  -6.284387e-02 -2.216421e-02
3.530000e+02  -6.617029e-02 -1.995854e-02
3.533333e+02  -6.911275e-02 -1.765478e-02
3.536667e+02  -7.165712e-02 -1.526621e-02
3.540000e+02  -7.379153e-02 -1.280649e-02
3.543333e+02  -7.550647e-02 -1.028961e-02
3.546667e+02  -7.679477e-02 -7.729781e-03
3.550000e+02  -7.765167e-02 -5.141392e-03
3.553333e+02  -7.807481e-02 -2.538899e-03
3.556667e+02  -7.806427e-02 6.324381e-05
3.560000e+02  -7.762250e-02 2.650660e-03
3.563333e+02  -7.675431e-02 5.209137e-03
3.566667e+02  -7.546686e-02 7.724699e-03
3.570000e+02  -7.376958e-02 1.018369e-02
3.573333e+02  -7.167411e-02 1.257282e-02
3.576667e+02  -6.919422e-02 1.487930e-02
3.580000e+02  -6.634575e-02 1.709082e-02
3.583333e+02  -6.314647e-02 1.919570e-02
3.586667e+02  -5.961599e-02 2.118290e-02
3.590000e+02  -5.577564e-02 2.304209e-02
3.593333e+02  -5.164835e-02 2.476370e-02
3.596667e+02  -4.725852e-02 2.633899e-02
3.600000e+02  -4.263185e-02 2.776005e-02
3.603333e+02  -3.779520e-02 2.901989e-02
3.606667e+02  -3.277646e-02 3.011244e-02
3.610000e+02  -2.760436e-02 3.103258e-02
3.613333e+02  -2.230833e-02 3.177619e-02
3.616667e+02  -1.691831e-02 3.234014e-02
3.620000e+02  -1.146459e-02 3.272229e-02
3.623333e+02  -5.977669e-03 3.292155e-02
3.626667e+02  -4.880329e-04 3.293781e-02
3.630000e+02  4.973970e-03 3.277201e-02
3.633333e+02  1.037831e-02 3.242607e-02
3.636667e+02  1.569546e-02 3.190289e-02
3.640000e+02  2.089652e-02 3.120634e-02
3.643333e+02  2.595339e-02 3.034123e-02
3.646667e+02  3.083893e-02 2.931326e-02
3.650000e+02  3.552710e-02 2.812902e-02
3.653333e+02  3.999309e-02 2.679592e-02
3.656667e+02  4.421345e-02 2.532214e-02
3.660000e+02  4.816621e-02 2.371660e-02
3.663333e+02  5.183103e-02 2.198890e-02
3.666667e+02  5.518924e-02 2.014926e-02
3.670000e+02  5.822398e-02 1.820846e-02
3.673333e+02  6.092028e-02 1.617778e-02
3.676667e+02  6.326510e-02 1.406894e-02
3.680000e+02  6.524744e-02 1.189403e-02
3.683333e+02  6.685834e-02 9.665418e-03
3.686667e+02  6.809096e-02 7.395719e-03
3.690000e+02  6.894058e-02 5.097700e-03
3.693333e+02  6.940462e-02 2.784213e-03
3.696667e+02  6.948264e-02 4.681248e-04
3.700000e+02  6.917635e-02 -1.837753e-03
3.703333e+02  6.848956e-02 -4.120739e-03
3.706667e+02  6.742816e-02 -6.368344e-03
3.710000e+02  6.600011e-02 -8.568348e-03
3.713333e+02  6.421530e-02 -1.070886e-02
3.716667e+02  6.208557e-02 -1.277838e-02
3.720000e+02  5.962459e-02 -1.476586e-02
3.723333e+02  5.684779e-02 -1.666079e-02
3.726667e+02  5.377226e-02 -1.845320e-02
3.730000e+02  5.041663e-02 -2.013375e-02
3.733333e+02  4.680100e-02 -2.169379e-02
3.736667e+02  4.294678e-02 -2.312535e-02
3.740000e+02  3.887657e-02 -2.442123e-02
3.743333e+02  3.461407e-02 -2.557503e-02
3.746667e+02  3.018387e-02 -2.658116e-02
3.750000e+02  2.561140e-02 -2.743488e-02
3.753333e+02  2.092268e-02 -2.813230e-02
3.756667e+02  1.614427e-02 -2.867044e-02
3.760000e+02  1.130307e-02 -2.904721e-02
3.763333e+02  6.426168e-03 -2.926142e-02
3.766667e+02  1.540706e-03 -2.931277e-02
3.770000e+02  -3.326277e-03 -2.920190e-02
3.773333e+02  -8.147993e-03 -2.893030e-02
3.776667e+02  -1.289805e-02 -2.850036e-02
3.780000e+02  -1.755061e-02 -2.791534e-02
3.783333e+02  -2.208050e-02 -2.717932e-02
3.786667e+02  -2.646337e-02 -2.629721e-02
3.790000e+02  -3.067581e-02 -2.527469e-02
3.793333e+02  -3.469551e-02 -2.411817e-02
3.796667e+02  -3.850131e-02 -2.283479e-02
3.800000e+02  -4.207336e-02 -2.143235e-02
3.803333e+02  -4.539324e-02 -1.991924e-02
3.806667e+02  -4.844398e-02 -1.830444e-02
3.810000e+02  -5.121022e-02 -1.659743e-02
3.813333e+02  -5.367824e-02 -1.480816e-02
3.816667e+02  -5.583607e-02 -1.294695e-02
3.820000e+02  -5.767349e-02 -1.102451e-02
3.823333e+02  -5.918211e-02 -9.051768e-03
3.826667e+02  -6.035543e-02 -7.039920e-03
3.830000e+02  -6.118882e-02 -5.000293e-03
3.833333e+02  -6.167953e-02 -2.944309e-03
3.836667e+02  -6.182677e-02 -8.834162e-04
3.840000e+02  -6.163161e-02 1.170971e-03
3.843333e+02  -6.109702e-02 3.207538e-03
3.846667e+02  -6.022783e-02 5.215132e-03
3.850000e+02  -5.903069e-02 7.182822e-03
3.853333e+02  -5.751403e-02 9.099956e-03
3.856667e+02  -5.568800e-02 1.095622e-02
3.860000e+02  -5.356438e-02 1.274170e-02
3.863333e+02  -5.115656e-02 1.444692e-02
3.866667e+02  -4.847941e-02 1.606290e-02
3.870000e+02  -4.554921e-02 1.758121e-02
3.873333e+02  -4.238354e-02 1.899399e-02
3.876667e+02  -3.900120e-02 2.029403e-02
3.880000e+02  -3.542207e-02 2.147477e-02
3.883333e+02  -3.166702e-02 2.253034e-02
3.886667e+02  -2.775775e-02 2.345559e-02
3.890000e+02  -2.371673e-02 2.424615e-02
3.893333e+02  -1.956700e-02 2.489839e-02
3.896667e+02  -1.533209e-02 2.540945e-02
3.900000e+02  -1.103587e-02 2.577732e-02
3.903333e+02  -6.702413e-03 2.600073e-02
3.906667e+02  -2.355870e-03 2.607926e-02
3.910000e+02  1.979676e-03 2.601327e-02
3.913333e+02  6.280330e-03 2.580393e-02
3.916667e+02  1.052253e-02 2.545318e-02
3.920000e+02  1.468315e-02 2.496374e-02
3.923333e+02  1.873966e-02 2.433908e-02
3.926667e+02  2.267023e-02 2.358341e-02
3.930000e+02  2.645383e-02 2.270161e-02
3.933333e+02  3.007038e-02 2.169927e-02
3.936667e+02  3.350081e-02 2.058257e-02
3.940000e+02  3.672719e-02 1.935833e-02
3.943333e+02  3.973285e-02 1.803391e-02
3.946667e+02  4.250237e-02 1.661716e-02
3.950000e+02  4.502178e-02 1.511643e-02
3.953333e+02  4.727853e-02 1.354048e-02
3.956667e+02  4.926160e-02 1.189843e-02
3.960000e+02  5.096155e-02 1.019971e-02
3.963333e+02  5.237055e-02 8.454026e-03
3.966667e+02  5.348243e-02 6.671279e-03
3.970000e+02  5.429269e-02 4.861522e-03
3.973333e+02  5.479850e-02 3.034906e-03
3.976667e+02  5.499877e-02 1.201613e-03
3.980000e+02  5.489407e-02 -6.281893e-04
3.983333e+02  5.448667e-02 -2.444412e-03
3.986667e+02  5.378049e-02 -4.237095e-03
3.990000e+02  5.278108e-02 -5.996464e-03
3.993333e+02  5.149558e-02 -7.712983e-03
3.996667e+02  4.993268e-02 -9.377406e-03
4.000000e+02  4.810254e-02 -1.098082e-02
4.003333e+02  4.601676e-02 -1.251472e-02
4.006667e+02  4.368826e-02 -1.397099e-02
4.010000e+02  4.113125e-02 -1.534203e-02
4.013333e+02  3.836113e-02 -1.662074e-02
4.016667e+02  3.539437e-02 -1.780055e-02
4.020000e+02  3.224846e-02 -1.887550e-02
4.023333e+02  2.894175e-02 -1.984022e-02
4.026667e+02  2.549342e-02 -2.069000e-02
4.030000e+02  2.192329e-02 -2.142078e-02
4.033333e+02  1.825176e-02 -2.202917e-02
4.036667e+02  1.449968e-02 -2.251250e-02
4.040000e+02  1.068822e-02 -2.286877e-02
4.043333e+02  6.838761e-03 -2.309673e-02
4.046667e+02  2.972790e-03 -2.319582e-02
4.050000e+02  -8.882450e-04 -2.316621e-02
4.053333e+02  -4.723041e-03 -2.300878e-02
4.056667e+02  -8.510557e-03 -2.272509e-02
4.060000e+02  -1.223013e-02 -2.231742e-02
4.063333e+02  -1.586158e-02 -2.178870e-02
4.066667e+02  -1.938533e-02 -2.114252e-02
4.070000e+02  -2.278252e-02 -2.038311e-02
4.073333e+02  -2.603506e-02 -1.951527e-02
4.076667e+02  -2.912580e-02 -1.854441e-02
4.080000e+02  -3.203854e-02 -1.747646e-02
4.083333e+02  -3.475818e-02 -1.631785e-02
4.086667e+02  -3.727077e-02 -1.507550e-02
4.090000e+02  -3.956355e-02 -1.375671e-02
4.093333e+02  -4.162509e-02 -1.236921e-02
4.096667e+02  -4.344526e-02 -1.092103e-02
4.100000e+02  -4.501534e-02 -9.420521e-03
4.103333e+02  -4.632805e-02 -7.876253e-03
4.106667e+02  -4.737755e-02 -6.297001e-03
4.110000e+02  -4.815950e-02 -4.691684e-03
4.113333e+02  -4.867105e-02 -3.069316e-03
4.116667e+02  -4.891088e-02 -1.438953e-03
4.120000e+02  -4.887915e-02 1.903517e-04
4.123333e+02  -4.857755e-02 1.809604e-03
4.126667e+02  -4.800923e-02 3.409911e-03
4.130000e+02  -4.717881e-02 4.982538e-03
4.133333e+02  -4.609232e-02 6.518949e-03
4.136667e+02  -4.475718e-02 8.010855e-03
4.140000e+02  -4.318213e-02 9.450259e-03
4.143333e+02  -4.137722e-02 1.082950e-02
4.146667e+02  -3.935367e-02 1.214129e-02
4.150000e+02  -3.712388e-02 1.337875e-02
4.153333e+02  -3.470130e-02 1.453546e-02
4.156667e+02  -3.210039e-02 1.560547e-02
4.160000e+02  -2.933650e-02 1.658336e-02
4.163333e+02  -2.642579e-02 1.746422e-02
4.166667e+02  -2.338517e-02 1.824372e-02
4.170000e+02  -2.023215e-02 1.891813e-02
4.173333e+02  -1.698477e-02 1.948429e-02
4.176667e+02  -1.366149e-02 1.993967e-02
4.180000e+02  -1.028110e-02 2.028237e-02
4.183333e+02  -6.862574e-03 2.051113e-02
4.186667e+02  -3.425025e-03 2.062529e-02
4.190000e+02  1.245434e-05 2.062488e-02
4.193333e+02  3.430874e-03 2.051052e-02
4.196667e+02  6.811452e-03 2.028347e-02
4.200000e+02  1.013572e-02 1.994561e-02
4.203333e+02  1.338562e-02 1.949942e-02
4.206667e+02  1.654362e-02 1.894797e-02
4.210000e+02  1.959276e-02 1.829488e-02
4.213333e+02  2.251682e-02 1.754432e-02
4.216667e+02  2.530031e-02 1.670097e-02
4.220000e+02  2.792865e-02 1.577002e-02
4.223333e+02  3.038816e-02 1.475708e-02
4.226667e+02  3.266620e-02 1.366821e-02
4.230000e+02  3.475117e-02 1.250983e-02
4.233333e+02  3.663263e-02 1.128875e-02
4.236667e+02  3.830130e-02 1.001204e-02
4.240000e+02  3.974914e-02 8.687064e-03
4.243333e+02  4.096938e-02 7.321418e-03
4.246667e+02  4.195652e-02 5.922867e-03
4.250000e+02  4.270641e-02 4.499320e-03
4.253333e+02  4.321621e-02 3.058780e-03
4.256667e+02  4.348442e-02 1.609299e-03
4.260000e+02  4.351091e-02 1.589356e-04
4.263333e+02  4.329686e-02 -1.284293e-03
4.266667e+02  4.284479e-02 -2.712453e-03
4.270000e+02  4.215850e-02 -4.117736e-03
4.273333e+02  4.124308e-02 -5.492505e-03
4.276667e+02  4.010486e-02 -6.829334e-03
4.280000e+02  3.875135e-02 -8.121046e-03
4.283333e+02  3.719123e-02 -9.360753e-03
4.286667e+02  3.543424e-02 -1.054189e-02
4.290000e+02  3.349120e-02 -1.165827e-02
4.293333e+02  3.137385e-02 -1.270406e-02
4.296667e+02  2.909487e-02 -1.367389e-02
4.300000e+02  2.666774e-02 -1.456282e-02
4.303333e+02  2.410667e-02 -1.536637e-02
4.306667e+02  2.142658e-02 -1.608059e-02
4.310000e+02  1.864291e-02 -1.670202e-02
4.313333e+02  1.577162e-02 -1.722774e-02
4.316667e+02  1.282905e-02 -1.765538e-02
4.320000e+02  9.831868e-03 -1.798311e-02
4.323333e+02  6.796923e-03 -1.820967e-02
4.326667e+02  3.741193e-03 -1.833438e-02
4.330000e+02  6.816765e-04 -1.835710e-02
4.333333e+02  -2.364703e-03 -1.827828e-02
4.336667e+02  -5.381187e-03 -1.809890e-02
4.340000e+02  -8.351275e-03 -1.782053e-02
4.343333e+02  -1.125881e-02 -1.744523e-02
4.346667e+02  -1.408809e-02 -1.697563e-02
4.350000e+02  -1.682389e-02 -1.641483e-02
4.353333e+02  -1.945163e-02 -1.576645e-02
4.356667e+02  -2.195739e-02 -1.503453e-02
4.360000e+02  -2.432799e-02 -1.422360e-02
4.363333e+02  -2.655108e-02 -1.333856e-02
4.366667e+02  -2.861520e-02 -1.238472e-02
4.370000e+02  -3.050982e-02 -1.136773e-02
4.373333e+02  -3.222542e-02 -1.029355e-02
4.376667e+02  -3.375349e-02 -9.168434e-03
4.380000e+02  -3.508664e-02 -7.998879e-03
4.383333e+02  -3.621857e-02 -6.791594e-03
4.386667e+02  -3.714414e-02 -5.553456e-03
4.390000e+02  -3.785939e-02 -4.291476e-03
4.393333e+02  -3.836152e-02 -3.012759e-03
4.396667e+02  -3.864893e-02 -1.724461e-03
4.400000e+02  -3.872122e-02 -4.337539e-04
4.403333e+02  -3.857918e-02 8.522189e-04
4.406667e+02  -3.822479e-02 2.126378e-03
4.410000e+02  -3.766116e-02 3.381750e-03
4.413333e+02  -3.689258e-02 4.611503e-03
4.416667e+02  -3.592441e-02 5.808983e-03
4.420000e+02  -3.476312e-02 6.967754e-03
4.423333e+02  -3.341618e-02 8.081627e-03
4.426667e+02  -3.189207e-02 9.144696e-03
4.430000e+02  -3.020017e-02 1.015137e-02
4.433333e+02  -2.835077e-02 1.109639e-02
4.436667e+02  -2.635496e-02 1.197489e-02
4.440000e+02  -2.422456e-02 1.278238e-02
4.443333e+02  -2.197210e-02 1.351478e-02
4.446667e+02  -1.961069e-02 1.416847e-02
4.450000e+02  -1.715397e-02 1.474027e-02
4.453333e+02  -1.461606e-02 1.522747e-02
4.456667e+02  -1.201142e-02 1.562785e-02
4.460000e+02  -9.354807e-03 1.593968e-02
4.463333e+02  -6.661187e-03 1.616172e-02
4.466667e+02  -3.945647e-03 1.629324e-02
4.470000e+02  -1.223311e-03 1.633402e-02
4.473333e+02  1.490743e-03 1.628433e-02
4.476667e+02  4.181567e-03 1.614494e-02
4.480000e+02  6.834421e-03 1.591713e-02
4.483333e+02  9.434860e-03 1.560263e-02
4.486667e+02  1.196881e-02 1.520367e-02
4.490000e+02  1.442262e-02 1.472292e-02
4.493333e+02  1.678320e-02 1.416348e-02
4.496667e+02  1.903802e-02 1.352888e-02
4.500000e+02  2.117519e-02 1.282304e-02
4.503333e+02  2.318356e-02 1.205025e-02
4.506667e+02  2.505276e-02 1.121516e-02
4.510000e+02  2.677321e-02 1.032272e-02
4.513333e+02  2.833624e-02 9.378177e-03
4.516667e+02  2.973408e-02 8.387041e-03
4.520000e+02  3.095992e-02 7.355044e-03
4.523333e+02  3.200794e-02 6.288113e-03
4.526667e+02  3.287333e-02 5.192335e-03
4.530000e+02  3.355232e-02 4.073924e-03
4.533333e+02  3.404218e-02 2.939185e-03
4.536667e+02  3.434126e-02 1.794476e-03
4.540000e+02  3.444896e-02 6.461779e-04
4.543333e+02  3.436573e-02 -4.993465e-04
4.546667e+02  3.409310e-02 -1.635783e-03
4.550000e+02  3.363362e-02 -2.756904e-03
4.553333e+02  3.299085e-02 -3.856599e-03
4.556667e+02  3.216937e-02 -4.928911e-03
4.560000e+02  3.117469e-02 -5.968067e-03
4.563333e+02  3.001327e-02 -6.968510e-03
4.566667e+02  2.869245e-02 -7.924925e-03
4.570000e+02  2.722040e-02 -8.832271e-03
4.573333e+02  2.560610e-02 -9.685808e-03
4.576667e+02  2.385925e-02 -1.048112e-02
4.580000e+02  2.199023e-02 -1.121412e-02
4.583333e+02  2.001004e-02 -1.188113e-02
4.586667e+02  1.793024e-02 -1.247880e-02
4.590000e+02  1.576287e-02 -1.300423e-02
4.593333e+02  1.352039e-02 -1.345491e-02
4.596667e+02  1.121559e-02 -1.382876e-02
4.600000e+02  8.861567e-03 -1.412415e-02
4.603333e+02  6.471589e-03 -1.433987e-02
4.606667e+02  4.059061e-03 -1.447517e-02
4.610000e+02  1.637436e-03 -1.452975e-02
4.613333e+02  -7.798567e-04 -1.450375e-02
4.616667e+02  -3.179485e-03 -1.439777e-02
4.620000e+02  -5.548290e-03 -1.421283e-02
4.623333e+02  -7.873354e-03 -1.395038e-02
4.626667e+02  -1.014207e-02 -1.361231e-02
4.630000e+02  -1.234222e-02 -1.320091e-02
4.633333e+02  -1.446203e-02 -1.271884e-02
4.636667e+02  -1.649023e-02 -1.216917e-02
4.640000e+02  -1.841611e-02 -1.155530e-02
4.643333e+02  -2.022960e-02 -1.088098e-02
4.646667e+02  -2.192131e-02 -1.015026e-02
4.650000e+02  -2.348257e-02 -9.367512e-03
4.653333e+02  -2.490546e-02 -8.537331e-03
4.656667e+02  -2.618288e-02 -7.664568e-03
4.660000e+02  -2.730860e-02 -6.754281e-03
4.663333e+02  -2.827721e-02 -5.811707e-03
4.666667e+02  -2.908425e-02 -4.842232e-03
4.670000e+02  -2.972615e-02 -3.851361e-03
4.673333e+02  -3.020026e-02 -2.844685e-03
4.676667e+02  -3.050490e-02 -1.827855e-03
4.680000e+02  -3.063933e-02 -8.065444e-04
4.683333e+02  -3.060373e-02 2.135800e-04
4.686667e+02  -3.039925e-02 1.226888e-03
4.690000e+02  -3.002795e-02 2.227820e-03
4.693333e+02  -2.949279e-02 3.210913e-03
4.696667e+02  -2.879765e-02 4.170835e-03
4.700000e+02  -2.794725e-02 5.102410e-03
4.703333e+02  -2.694715e-02 6.000648e-03
4.706667e+02  -2.580368e-02 6.860771e-03
4.710000e+02  -2.452398e-02 7.678237e-03
4.713333e+02  -2.311585e-02 8.448765e-03
4.716667e+02  -2.158779e-02 9.168358e-03
4.720000e+02  -1.994890e-02 9.833322e-03
4.723333e+02  -1.820886e-02 1.044028e-02
4.726667e+02  -1.637782e-02 1.098621e-02
4.730000e+02  -1.446642e-02 1.146842e-02
4.733333e+02  -1.248565e-02 1.188461e-02
4.736667e+02  -1.044684e-02 1.223284e-02
4.740000e+02  -8.361581e-03 1.251156e-02
4.743333e+02  -6.241645e-03 1.271962e-02
4.746667e+02  -4.098937e-03 1.285625e-02
4.750000e+02  -1.945422e-03 1.292109e-02
4.753333e+02  2.069442e-04 1.291420e-02
4.756667e+02  2.346275e-03 1.283599e-02
4.760000e+02  4.460824e-03 1.268729e-02
4.763333e+02  6.539045e-03 1.246932e-02
4.766667e+02  8.569656e-03 1.218367e-02
4.770000e+02  1.054170e-02 1.183228e-02
4.773333e+02  1.244461e-02 1.141746e-02
4.776667e+02  1.426825e-02 1.094185e-02
4.780000e+02  1.600299e-02 1.040842e-02
4.783333e+02  1.763973e-02 9.820426e-03
4.786667e+02  1.916997e-02 9.181427e-03
4.790000e+02  2.058584e-02 8.495233e-03
4.793333e+02  2.188015e-02 7.765894e-03
4.796667e+02  2.304643e-02 6.997680e-03
4.800000e+02  2.407894e-02 6.195048e-03
4.803333e+02  2.497271e-02 5.362625e-03
4.806667e+02  2.572357e-02 4.505172e-03
4.810000e+02  2.632817e-02 3.627566e-03
4.813333e+02  2.678396e-02 2.734768e-03
4.816667e+02  2.708926e-02 1.831792e-03
4.820000e+02  2.724321e-02 9.236853e-04
4.823333e+02  2.724579e-02 1.549222e-05
4.826667e+02  2.709783e-02 -8.877688e-04
4.830000e+02  2.680097e-02 -1.781135e-03
4.833333e+02  2.635769e-02 -2.659724e-03
4.836667e+02  2.577123e-02 -3.518765e-03
4.840000e+02  2.504562e-02 -4.353619e-03
4.843333e+02  2.418566e-02 -5.159808e-03
4.846667e+02  2.319682e-02 -5.933035e-03
4.850000e+02  2.208528e-02 -6.669211e-03
4.853333e+02  2.085787e-02 -7.364473e-03
4.856667e+02  1.952200e-02 -8.015207e-03
4.860000e+02  1.808566e-02 -8.618062e-03
4.863333e+02  1.655733e-02 -9.169973e-03
4.866667e+02  1.494597e-02 -9.668172e-03
4.870000e+02  1.326093e-02 -1.011020e-02
4.873333e+02  1.151194e-02 -1.049393e-02
4.876667e+02  9.709016e-03 -1.081757e-02
4.880000e+02  7.862408e-03 -1.107965e-02
4.883333e+02  5.982563e-03 -1.127907e-02
4.886667e+02  4.080052e-03 -1.141507e-02
4.890000e+02  2.165510e-03 -1.148725e-02
4.893333e+02  2.495810e-04 -1.149557e-02
4.896667e+02  -1.657141e-03 -1.144033e-02
4.900000e+02  -3.544174e-03 -1.132219e-02
4.903333e+02  -5.401199e-03 -1.114215e-02
4.906667e+02  -7.218125e-03 -1.090155e-02
4.910000e+02  -8.985132e-03 -1.060205e-02
4.913333e+02  -1.069274e-02 -1.024562e-02
4.916667e+02  -1.233183e-02 -9.834561e-03
4.920000e+02  -1.389374e-02 -9.371436e-03
4.923333e+02  -1.537025e-02 -8.859094e-03
4.926667e+02  -1.675369e-02 -8.300638e-03
4.930000e+02  -1.803693e-02 -7.699407e-03
4.933333e+02  -1.921342e-02 -7.058960e-03
4.936667e+02  -2.027726e-02 -6.383051e-03
4.940000e+02  -2.122320e-02 -5.675611e-03
4.943333e+02  -2.204665e-02 -4.940723e-03
4.946667e+02  -2.274375e-02 -4.182598e-03
4.950000e+02  -2.331134e-02 -3.405553e-03
4.953333e+02  -2.374701e-02 -2.613986e-03
4.956667e+02  -2.404906e-02 -1.812351e-03
4.960000e+02  -2.421659e-02 -1.005131e-03
4.963333e+02  -2.424939e-02 -1.968185e-04
4.966667e+02  -2.414804e-02 6.081161e-04
4.970000e+02  -2.391383e-02 1.405244e-03
4.973333e+02  -2.354880e-02 2.190204e-03
4.976667e+02  -2.305567e-02 2.958726e-03
4.980000e+02  -2.243790e-02 3.706656e-03
4.983333e+02  -2.169957e-02 4.429975e-03
4.986667e+02  -2.084543e-02 5.124823e-03
4.990000e+02  -1.988085e-02 5.787518e-03
4.993333e+02  -1.881175e-02 6.414576e-03
4.996667e+02  -1.764463e-02 7.002730e-03