
0.000000e+00  1.000000e+00 5.000000e-01
3.333333e-01  1.083333e+00 4.666667e-01
6.666667e-01  1.161111e+00 4.305556e-01
1.000000e+00  1.232870e+00 3.918519e-01
1.333333e+00  1.298179e+00 3.507562e-01
1.666667e+00  1.356638e+00 3.074835e-01
2.000000e+00  1.407886e+00 2.622623e-01
2.333333e+00  1.451596e+00 2.153327e-01
2.666667e+00  1.487485e+00 1.669462e-01
3.000000e+00  1.515309e+00 1.173634e-01
3.333333e+00  1.534870e+00 6.685307e-02
3.666667e+00  1.546012e+00 1.569075e-02
4.000000e+00  1.548627e+00 -3.584298e-02
4.333333e+00  1.542653e+00 -8.746388e-02
4.666667e+00  1.528076e+00 -1.388857e-01
5.000000e+00  1.504928e+00 -1.898215e-01
5.333333e+00  1.473291e+00 -2.399858e-01
5.666667e+00  1.433294e+00 -2.890955e-01
6.000000e+00  1.385111e+00 -3.368720e-01
6.333333e+00  1.328966e+00 -3.830423e-01
6.666667e+00  1.265125e+00 -4.273412e-01
7.000000e+00  1.193902e+00 -4.695120e-01
7.333333e+00  1.115650e+00 -5.093088e-01
7.666667e+00  1.030765e+00 -5.464971e-01
8.000000e+00  9.396822e-01 -5.808559e-01
8.333333e+00  8.428729e-01 -6.121787e-01
8.666667e+00  7.408431e-01 -6.402744e-01
9.000000e+00  6.341307e-01 -6.649692e-01
9.333333e+00  5.233025e-01 -6.861069e-01
9.666667e+00  4.089514e-01 -7.035503e-01
1.000000e+01  2.916930e-01 -7.171820e-01
1.033333e+01  1.721626e-01 -7.269051e-01
1.066667e+01  5.101179e-02 -7.326439e-01
1.100000e+01  -7.109552e-02 -7.343443e-01
1.133333e+01  -1.934862e-01 -7.319744e-01
1.166667e+01  -3.154820e-01 -7.255249e-01
1.200000e+01  -4.364028e-01 -7.150088e-01
1.233333e+01  -5.555709e-01 -7.004621e-01
1.266667e+01  -6.723146e-01 -6.819430e-01
1.300000e+01  -7.859718e-01 -6.595325e-01
1.333333e+01  -8.958939e-01 -6.333335e-01
1.366667e+01  -1.001449e+00 -6.034704e-01
1.400000e+01  -1.102028e+00 -5.700887e-01
1.433333e+01  -1.197043e+00 -5.333545e-01
1.466667e+01  -1.285935e+00 -4.934530e-01
1.500000e+01  -1.368177e+00 -4.505885e-01
1.533333e+01  -1.443275e+00 -4.049826e-01
1.566667e+01  -1.510772e+00 -3.568734e-01
1.600000e+01  -1.570251e+00 -3.065144e-01
1.633333e+01  -1.621337e+00 -2.541727e-01
1.666667e+01  -1.663699e+00 -2.001281e-01
1.700000e+01  -1.697054e+00 -1.446714e-01
1.733333e+01  -1.721166e+00 -8.810299e-02
1.766667e+01  -1.735850e+00 -3.073080e-02
1.800000e+01  -1.740971e+00 2.713086e-02
1.833333e+01  -1.736450e+00 8.516324e-02
1.866667e+01  -1.722256e+00 1.430449e-01
1.900000e+01  -1.698415e+00 2.004534e-01
1.933333e+01  -1.665006e+00 2.570672e-01
1.966667e+01  -1.622161e+00 3.125674e-01
2.000000e+01  -1.570067e+00 3.666395e-01
2.033333e+01  -1.508960e+00 4.189750e-01
2.066667e+01  -1.439131e+00 4.692737e-01
2.100000e+01  -1.360919e+00 5.172448e-01
2.133333e+01  -1.274711e+00 5.626087e-01
2.166667e+01  -1.180943e+00 6.050991e-01
2.200000e+01  -1.080093e+00 6.444639e-01
2.233333e+01  -9.726827e-01 6.804670e-01
2.266667e+01  -8.592716e-01 7.128897e-01
2.300000e+01  -7.404566e-01 7.415321e-01
2.333333e+01  -6.168679e-01 7.662140e-01
2.366667e+01  -4.891656e-01 7.867763e-01
2.400000e+01  -3.580362e-01 8.030818e-01
2.433333e+01  -2.241892e-01 8.150163e-01
2.466667e+01  -8.835319e-02 8.224893e-01
2.500000e+01  4.872836e-02 8.254344e-01
2.533333e+01  1.863008e-01 8.238101e-01
2.566667e+01  3.236025e-01 8.176001e-01
2.600000e+01  4.598691e-01 8.068134e-01
2.633333e+01  5.943380e-01 7.914844e-01
2.666667e+01  7.262521e-01 7.716731e-01
2.700000e+01  8.548643e-01 7.474647e-01
2.733333e+01  9.794417e-01 7.189692e-01
2.766667e+01  1.099270e+00 6.863212e-01
2.800000e+01  1.213657e+00 6.496789e-01
2.833333e+01  1.321937e+00 6.092236e-01
2.866667e+01  1.423474e+00 5.651591e-01
2.900000e+01  1.517667e+00 5.177099e-01
2.933333e+01  1.603952e+00 4.671210e-01
2.966667e+01  1.681806e+00 4.136560e-01
3.000000e+01  1.750748e+00 3.575958e-01
3.033333e+01  1.810348e+00 2.992375e-01
3.066667e+01  1.860220e+00 2.388926e-01
3.100000e+01  1.900036e+00 1.768852e-01
3.133333e+01  1.929517e+00 1.135507e-01
3.166667e+01  1.948442e+00 4.923349e-02
3.200000e+01  1.956647e+00 -1.571457e-02
3.233333e+01  1.954028e+00 -8.093615e-02
3.266667e+01  1.940539e+00 -1.460704e-01
3.300000e+01  1.916194e+00 -2.107551e-01
3.333333e+01  1.881068e+00 -2.746282e-01
3.366667e+01  1.835297e+00 -3.373305e-01
3.400000e+01  1.779075e+00 -3.985070e-01
3.433333e+01  1.712657e+00 -4.578095e-01
3.466667e+01  1.636356e+00 -5.148981e-01
3.500000e+01  1.550539e+00 -5.694433e-01
3.533333e+01  1.455632e+00 -6.211279e-01
3.566667e+01  1.352111e+00 -6.696490e-01
3.600000e+01  1.240503e+00 -7.147193e-01
3.633333e+01  1.121383e+00 -7.560694e-01
3.666667e+01  9.953711e-01 -7.934489e-01
3.700000e+01  8.631296e-01 -8.266279e-01
3.733333e+01  7.253583e-01 -8.553989e-01
3.766667e+01  5.827918e-01 -8.795775e-01
3.800000e+01  4.361955e-01 -8.990039e-01
3.833333e+01  2.863616e-01 -9.135437e-01
3.866667e+01  1.341043e-01 -9.230891e-01
3.900000e+01  -1.974391e-02 -9.275593e-01
3.933333e+01  -1.743371e-01 -9.269011e-01
3.966667e+01  -3.288206e-01 -9.210899e-01
4.000000e+01  -4.823356e-01 -9.101292e-01
4.033333e+01  -6.340238e-01 -8.940513e-01
4.066667e+01  -7.830324e-01 -8.729172e-01
4.100000e+01  -9.285186e-01 -8.468161e-01
4.133333e+01  -1.069655e+00 -8.158655e-01
4.166667e+01  -1.205632e+00 -7.802104e-01
4.200000e+01  -1.335667e+00 -7.400226e-01
4.233333e+01  -1.459004e+00 -6.955004e-01
4.266667e+01  -1.574921e+00 -6.468669e-01
4.300000e+01  -1.682732e+00 -5.943695e-01
4.333333e+01  -1.781794e+00 -5.382785e-01
4.366667e+01  -1.871507e+00 -4.788853e-01
4.400000e+01  -1.951321e+00 -4.165018e-01
4.433333e+01  -2.020738e+00 -3.514577e-01
4.466667e+01  -2.079314e+00 -2.840998e-01
4.500000e+01  -2.126664e+00 -2.147893e-01
4.533333e+01  -2.162463e+00 -1.439005e-01
4.566667e+01  -2.186446e+00 -7.181842e-02
4.600000e+01  -2.198416e+00 1.063114e-03
4.633333e+01  -2.198239e+00 7.434364e-02
4.666667e+01  -2.185848e+00 1.476183e-01
4.700000e+01  -2.161245e+00 2.204799e-01
4.733333e+01  -2.124498e+00 2.925213e-01
4.766667e+01  -2.075745e+00 3.633380e-01
4.800000e+01  -2.015188e+00 4.325294e-01
4.833333e+01  -1.943100e+00 4.997024e-01
4.866667e+01  -1.859816e+00 5.644724e-01
4.900000e+01  -1.765738e+00 6.264663e-01
4.933333e+01  -1.661327e+00 6.853242e-01
4.966667e+01  -1.547106e+00 7.407017e-01
5.000000e+01  -1.423656e+00 7.922719e-01
5.033333e+01  -1.291610e+00 8.397271e-01
5.066667e+01  -1.151656e+00 8.827808e-01
5.100000e+01  -1.004526e+00 9.211693e-01
5.133333e+01  -8.509974e-01 9.546535e-01
5.166667e+01  -6.918885e-01 9.830201e-01
5.200000e+01  -5.280518e-01 1.006083e+00
5.233333e+01  -3.603713e-01 1.023685e+00
5.266667e+01  -1.897572e-01 1.035697e+00
5.300000e+01  -1.714097e-02 1.042022e+00
5.333333e+01  1.565294e-01 1.042594e+00
5.366667e+01  3.302951e-01 1.037376e+00
5.400000e+01  5.031911e-01 1.026366e+00
5.433333e+01  6.742521e-01 1.009593e+00
5.466667e+01  8.425177e-01 9.871182e-01
5.500000e+01  1.007037e+00 9.590342e-01
5.533333e+01  1.166876e+00 9.254663e-01
5.566667e+01  1.321121e+00 8.865705e-01
5.600000e+01  1.468883e+00 8.425331e-01
5.633333e+01  1.609305e+00 7.935703e-01
5.666667e+01  1.741566e+00 7.399269e-01
5.700000e+01  1.864888e+00 6.818746e-01
5.733333e+01  1.978533e+00 6.197117e-01
5.766667e+01  2.081819e+00 5.537606e-01
5.800000e+01  2.174112e+00 4.843667e-01
5.833333e+01  2.254840e+00 4.118963e-01
5.866667e+01  2.323489e+00 3.367349e-01
5.900000e+01  2.379612e+00 2.592853e-01
5.933333e+01  2.422826e+00 1.799649e-01
5.966667e+01  2.452820e+00 9.920403e-02
6.000000e+01  2.469354e+00 1.744336e-02
6.033333e+01  2.472261e+00 -6.486844e-02
6.066667e+01  2.461450e+00 -1.472772e-01
6.100000e+01  2.436904e+00 -2.293255e-01
6.133333e+01  2.398683e+00 -3.105556e-01
6.166667e+01  2.346924e+00 -3.905117e-01
6.200000e+01  2.281838e+00 -4.687425e-01
6.233333e+01  2.203714e+00 -5.448038e-01
6.266667e+01  2.112914e+00 -6.182609e-01
6.300000e+01  2.009870e+00 -6.886914e-01
6.333333e+01  1.895088e+00 -7.556870e-01
6.366667e+01  1.769141e+00 -8.188567e-01
6.400000e+01  1.632665e+00 -8.778280e-01
6.433333e+01  1.486360e+00 -9.322502e-01
6.466667e+01  1.330985e+00 -9.817955e-01
6.500000e+01  1.167352e+00 -1.026162e+00
6.533333e+01  9.963253e-01 -1.065073e+00
6.566667e+01  8.188131e-01 -1.098284e+00
6.600000e+01  6.357657e-01 -1.125578e+00
6.633333e+01  4.481694e-01 -1.146770e+00
6.666667e+01  2.570410e-01 -1.161709e+00
6.700000e+01  6.342280e-02 -1.170277e+00
6.733333e+01  -1.316234e-01 -1.172391e+00
6.766667e+01  -3.270220e-01 -1.168004e+00
6.800000e+01  -5.216893e-01 -1.157103e+00
6.833333e+01  -7.145398e-01 -1.139713e+00
6.866667e+01  -9.044920e-01 -1.115895e+00
6.900000e+01  -1.090475e+00 -1.085746e+00
6.933333e+01  -1.271432e+00 -1.049397e+00
6.966667e+01  -1.446332e+00 -1.007016e+00
7.000000e+01  -1.614168e+00 -9.588045e-01
7.033333e+01  -1.773968e+00 -9.049989e-01
7.066667e+01  -1.924801e+00 -8.458666e-01
7.100000e+01  -2.065779e+00 -7.817066e-01
7.133333e+01  -2.196064e+00 -7.128473e-01
7.166667e+01  -2.314872e+00 -6.396451e-01
7.200000e+01  -2.421479e+00 -5.624827e-01
7.233333e+01  -2.515226e+00 -4.817668e-01
7.266667e+01  -2.595521e+00 -3.979259e-01
7.300000e+01  -2.661842e+00 -3.114085e-01
7.333333e+01  -2.713743e+00 -2.226805e-01
7.366667e+01  -2.750857e+00 -1.322224e-01
7.400000e+01  -2.772894e+00 -4.052717e-02
7.433333e+01  -2.779648e+00 5.190261e-02
7.466667e+01  -2.770998e+00 1.445576e-01
7.500000e+01  -2.746905e+00 2.369241e-01
7.533333e+01  -2.707417e+00 3.284876e-01
7.566667e+01  -2.652669e+00 4.187349e-01
7.600000e+01  -2.582880e+00 5.071572e-01
7.633333e+01  -2.498354e+00 5.932532e-01
7.666667e+01  -2.399479e+00 6.765317e-01
7.700000e+01  -2.286723e+00 7.565143e-01
7.733333e+01  -2.160638e+00 8.327384e-01
7.766667e+01  -2.021848e+00 9.047597e-01
7.800000e+01  -1.871055e+00 9.721546e-01
7.833333e+01  -1.709029e+00 1.034523e+00
7.866667e+01  -1.536608e+00 1.091491e+00
7.900000e+01  -1.354693e+00 1.142711e+00
7.933333e+01  -1.164241e+00 1.187867e+00
7.966667e+01  -9.662634e-01 1.226675e+00
8.000000e+01  -7.618175e-01 1.258884e+00
8.033333e+01  -5.520035e-01 1.284278e+00
8.066667e+01  -3.379571e-01 1.302678e+00
8.100000e+01  -1.208441e-01 1.313944e+00
8.133333e+01  9.814649e-02 1.317972e+00
8.166667e+01  3.178084e-01 1.314700e+00
8.200000e+01  5.369251e-01 1.304106e+00
8.233333e+01  7.542762e-01 1.286209e+00
8.266667e+01  9.686444e-01 1.261066e+00
8.300000e+01  1.178822e+00 1.228778e+00
8.333333e+01  1.383618e+00 1.189484e+00
8.366667e+01  1.581866e+00 1.143364e+00
8.400000e+01  1.772426e+00 1.090635e+00
8.433333e+01  1.954199e+00 1.031554e+00
8.466667e+01  2.126125e+00 9.664139e-01
8.500000e+01  2.287194e+00 8.955431e-01
8.533333e+01  2.436451e+00 8.193033e-01
8.566667e+01  2.573001e+00 7.380883e-01
8.600000e+01  2.696016e+00 6.523216e-01
8.633333e+01  2.804736e+00 5.624544e-01
8.666667e+01  2.898479e+00 4.689632e-01
8.700000e+01  2.976639e+00 3.723472e-01
8.733333e+01  3.038697e+00 2.731259e-01
8.766667e+01  3.084218e+00 1.718360e-01
8.800000e+01  3.112857e+00 6.902873e-02
8.833333e+01  3.124362e+00 -3.473318e-02
8.866667e+01  3.118573e+00 -1.388786e-01
8.900000e+01  3.095427e+00 -2.428310e-01
8.933333e+01  3.054955e+00 -3.460119e-01
8.966667e+01  2.997286e+00 -4.478438e-01
9.000000e+01  2.922646e+00 -5.477533e-01
9.033333e+01  2.831353e+00 -6.451748e-01
9.066667e+01  2.723824e+00 -7.395533e-01
9.100000e+01  2.600565e+00 -8.303474e-01
9.133333e+01  2.462174e+00 -9.170329e-01
9.166667e+01  2.309335e+00 -9.991054e-01
9.200000e+01  2.142818e+00 -1.076083e+00
9.233333e+01  1.963471e+00 -1.147511e+00
9.266667e+01  1.772219e+00 -1.212960e+00
9.300000e+01  1.570059e+00 -1.272034e+00
9.333333e+01  1.358053e+00 -1.324369e+00
9.366667e+01  1.137325e+00 -1.369637e+00
9.400000e+01  9.090524e-01 -1.407548e+00
9.433333e+01  6.744610e-01 -1.437850e+00
9.466667e+01  4.348194e-01 -1.460332e+00
9.500000e+01  1.914307e-01 -1.474826e+00
9.533333e+01  -5.437357e-02 -1.481207e+00
9.566667e+01  -3.012414e-01 -1.479394e+00
9.600000e+01  -5.478071e-01 -1.469353e+00
9.633333e+01  -7.926993e-01 -1.451093e+00
9.666667e+01  -1.034548e+00 -1.424669e+00
9.700000e+01  -1.271993e+00 -1.390185e+00
9.733333e+01  -1.503690e+00 -1.347785e+00
9.766667e+01  -1.728321e+00 -1.297662e+00
9.800000e+01  -1.944598e+00 -1.240051e+00
9.833333e+01  -2.151273e+00 -1.175231e+00
9.866667e+01  -2.347145e+00 -1.103522e+00
9.900000e+01  -2.531066e+00 -1.025284e+00
9.933333e+01  -2.701946e+00 -9.409150e-01
9.966667e+01  -2.858765e+00 -8.508501e-01
1.000000e+02  -3.000574e+00 -7.555579e-01
1.003333e+02  -3.126500e+00 -6.555388e-01
1.006667e+02  -3.235757e+00 -5.513221e-01
1.010000e+02  -3.327644e+00 -4.434636e-01
1.013333e+02  -3.401554e+00 -3.325421e-01
1.016667e+02  -3.456978e+00 -2.191570e-01
1.020000e+02  -3.493504e+00 -1.039244e-01
1.023333e+02  -3.510825e+00 1.252572e-02
1.026667e+02  -3.508737e+00 1.295532e-01
1.030000e+02  -3.487145e+00 2.465111e-01
1.033333e+02  -3.446060e+00 3.627493e-01
1.036667e+02  -3.385602e+00 4.776179e-01
1.040000e+02  -3.305999e+00 5.904713e-01
1.043333e+02  -3.207587e+00 7.006713e-01
1.046667e+02  -3.090808e+00 8.075908e-01
1.050000e+02  -2.956210e+00 9.106178e-01
1.053333e+02  -2.804440e+00 1.009158e+00
1.056667e+02  -2.636247e+00 1.102639e+00
1.060000e+02  -2.452474e+00 1.190514e+00
1.063333e+02  -2.254055e+00 1.272263e+00
1.066667e+02  -2.042011e+00 1.347399e+00
1.070000e+02  -1.817444e+00 1.415466e+00
1.073333e+02  -1.581533e+00 1.476047e+00
1.076667e+02  -1.335526e+00 1.528765e+00
1.080000e+02  -1.080731e+00 1.573282e+00
1.083333e+02  -8.185177e-01 1.609307e+00
1.086667e+02  -5.502999e-01 1.636591e+00
1.090000e+02  -2.775348e-01 1.654934e+00
1.093333e+02  -1.712430e-03 1.664185e+00
1.096667e+02  2.756518e-01 1.664242e+00
1.100000e+02  5.530255e-01 1.655054e+00
1.103333e+02  8.288678e-01 1.636620e+00
1.106667e+02  1.101638e+00 1.608991e+00
1.110000e+02  1.369803e+00 1.572270e+00
1.113333e+02  1.631848e+00 1.526609e+00
1.116667e+02  1.886283e+00 1.472214e+00
1.120000e+02  2.131652e+00 1.409338e+00
1.123333e+02  2.366542e+00 1.338283e+00
1.126667e+02  2.589589e+00 1.259399e+00
1.130000e+02  2.799488e+00 1.173079e+00
1.133333e+02  2.995002e+00 1.079763e+00
1.136667e+02  3.174962e+00 9.799293e-01
1.140000e+02  3.338284e+00 8.740973e-01
1.143333e+02  3.483967e+00 7.628211e-01
1.146667e+02  3.611103e+00 6.466889e-01
1.150000e+02  3.718885e+00 5.263188e-01
1.153333e+02  3.806605e+00 4.023560e-01
1.156667e+02  3.873664e+00 2.754691e-01
1.160000e+02  3.919576e+00 1.463470e-01
1.163333e+02  3.943967e+00 1.569450e-02
1.166667e+02  3.946582e+00 -1.157711e-01
1.170000e+02  3.927287e+00 -2.473238e-01
1.173333e+02  3.886067e+00 -3.782334e-01
1.176667e+02  3.823028e+00 -5.077689e-01
1.180000e+02  3.738400e+00 -6.352032e-01
1.183333e+02  3.632532e+00 -7.598165e-01
1.186667e+02  3.505896e+00 -8.809009e-01
1.190000e+02  3.359079e+00 -9.977641e-01
1.193333e+02  3.192785e+00 -1.109733e+00
1.196667e+02  3.007830e+00 -1.216160e+00
1.200000e+02  2.805137e+00 -1.316421e+00
1.203333e+02  2.585733e+00 -1.409925e+00
1.206667e+02  2.350746e+00 -1.496116e+00
1.210000e+02  2.101393e+00 -1.574474e+00
1.213333e+02  1.838981e+00 -1.644521e+00
1.216667e+02  1.564894e+00 -1.705820e+00
1.220000e+02  1.280590e+00 -1.757983e+00
1.223333e+02  9.875931e-01 -1.800670e+00
1.226667e+02  6.874815e-01 -1.833590e+00
1.230000e+02  3.818832e-01 -1.856506e+00
1.233333e+02  7.246562e-02 -1.869235e+00
1.236667e+02  -2.390735e-01 -1.871651e+00
1.240000e+02  -5.510153e-01 -1.863681e+00
1.243333e+02  -8.616289e-01 -1.845314e+00
1.246667e+02  -1.169181e+00 -1.816593e+00
1.250000e+02  -1.471947e+00 -1.777621e+00
1.253333e+02  -1.768217e+00 -1.728556e+00
1.256667e+02  -2.056309e+00 -1.669615e+00
1.260000e+02  -2.334579e+00 -1.601071e+00
1.263333e+02  -2.601424e+00 -1.523252e+00
1.266667e+02  -2.855299e+00 -1.436538e+00
1.270000e+02  -3.094722e+00 -1.341361e+00
1.273333e+02  -3.318282e+00 -1.238204e+00
1.276667e+02  -3.524650e+00 -1.127595e+00
1.280000e+02  -3.712582e+00 -1.010106e+00
1.283333e+02  -3.880933e+00 -8.863535e-01
1.286667e+02  -4.028659e+00 -7.569890e-01
1.290000e+02  -4.154824e+00 -6.227004e-01
1.293333e+02  -4.258607e+00 -4.842063e-01
1.296667e+02  -4.339308e+00 -3.422527e-01
1.300000e+02  -4.396350e+00 -1.976091e-01
1.303333e+02  -4.429285e+00 -5.106411e-02
1.306667e+02  -4.437796e+00 9.657873e-02
1.310000e+02  -4.421699e+00 2.445053e-01
1.313333e+02  -4.380948e+00 3.918952e-01
1.316667e+02  -4.315633e+00 5.379269e-01
1.320000e+02  -4.225978e+00 6.817813e-01
1.323333e+02  -4.112348e+00 8.226472e-01
1.326667e+02  -3.975240e+00 9.597255e-01
1.330000e+02  -3.815286e+00 1.092233e+00
1.333333e+02  -3.633247e+00 1.219410e+00
1.336667e+02  -3.430012e+00 1.340518e+00
1.340000e+02  -3.206592e+00 1.454852e+00
1.343333e+02  -2.964117e+00 1.561738e+00
1.346667e+02  -2.703827e+00 1.660542e+00
1.350000e+02  -2.427070e+00 1.750670e+00
1.353333e+02  -2.135292e+00 1.831572e+00
1.356667e+02  -1.830030e+00 1.902748e+00
1.360000e+02  -1.512905e+00 1.963749e+00
1.363333e+02  -1.185614e+00 2.014179e+00
1.366667e+02  -8.499173e-01 2.053700e+00
1.370000e+02  -5.076340e-01 2.082030e+00
1.373333e+02  -1.606289e-01 2.098952e+00
1.376667e+02  1.891964e-01 2.104306e+00
1.380000e+02  5.399140e-01 2.097999e+00
1.383333e+02  8.895806e-01 2.080002e+00
1.386667e+02  1.236248e+00 2.050350e+00
1.390000e+02  1.577973e+00 2.009141e+00
1.393333e+02  1.912829e+00 1.956542e+00
1.396667e+02  2.238920e+00 1.892781e+00
1.400000e+02  2.554383e+00 1.818151e+00
1.403333e+02  2.857408e+00 1.733004e+00
1.406667e+02  3.146243e+00 1.637758e+00
1.410000e+02  3.419202e+00 1.532883e+00
1.413333e+02  3.674683e+00 1.418909e+00
1.416667e+02  3.911167e+00 1.296420e+00
1.420000e+02  4.127237e+00 1.166048e+00
1.423333e+02  4.321579e+00 1.028473e+00
1.426667e+02  4.492991e+00 8.844205e-01
1.430000e+02  4.640394e+00 7.346541e-01
1.433333e+02  4.762837e+00 5.799743e-01
1.436667e+02  4.859499e+00 4.212131e-01
1.440000e+02  4.929701e+00 2.592298e-01
1.443333e+02  4.972906e+00 9.490641e-02
1.446667e+02  4.988724e+00 -7.085713e-02
1.450000e+02  4.976914e+00 -2.371479e-01
1.453333e+02  4.937390e+00 -4.030451e-01
1.456667e+02  4.870216e+00 -5.676247e-01
1.460000e+02  4.775611e+00 -7.299653e-01
1.463333e+02  4.653951e+00 -8.891523e-01
1.466667e+02  4.505759e+00 -1.044284e+00
1.470000e+02  4.331711e+00 -1.194476e+00
1.473333e+02  4.132632e+00 -1.338866e+00
1.476667e+02  3.909488e+00 -1.476621e+00
1.480000e+02  3.663384e+00 -1.606937e+00
1.483333e+02  3.395561e+00 -1.729050e+00
1.486667e+02  3.107386e+00 -1.842235e+00
1.490000e+02  2.800347e+00 -1.945815e+00
1.493333e+02  2.476045e+00 -2.039160e+00
1.496667e+02  2.136185e+00 -2.121694e+00
1.500000e+02  1.782569e+00 -2.192901e+00
1.503333e+02  1.417086e+00 -2.252320e+00
1.506667e+02  1.041699e+00 -2.299556e+00
1.510000e+02  6.584397e-01 -2.334279e+00
1.513333e+02  2.693932e-01 -2.356227e+00
1.516667e+02  -1.233113e-01 -2.365207e+00
1.520000e+02  -5.175125e-01 -2.361096e+00
1.523333e+02  -9.110285e-01 -2.343846e+00
1.526667e+02  -1.301670e+00 -2.313478e+00
1.530000e+02  -1.687249e+00 -2.270089e+00
1.533333e+02  -2.065597e+00 -2.213848e+00
1.536667e+02  -2.434572e+00 -2.144994e+00
1.540000e+02  -2.792071e+00 -2.063842e+00
1.543333e+02  -3.136045e+00 -1.970773e+00
1.546667e+02  -3.464507e+00 -1.866238e+00
1.550000e+02  -3.775547e+00 -1.750755e+00
1.553333e+02  -4.067339e+00 -1.624903e+00
1.556667e+02  -4.338156e+00 -1.489325e+00
1.560000e+02  -4.586377e+00 -1.344720e+00
1.563333e+02  -4.810497e+00 -1.191841e+00
1.566667e+02  -5.009137e+00 -1.031491e+00
1.570000e+02  -5.181052e+00 -8.645195e-01
1.573333e+02  -5.325139e+00 -6.918178e-01
1.576667e+02  -5.440442e+00 -5.143131e-01
1.580000e+02  -5.526161e+00 -3.329651e-01
1.583333e+02  -5.581655e+00 -1.487597e-01
1.586667e+02  -5.606448e+00 3.729546e-02
1.590000e+02  -5.600232e+00 2.241771e-01
1.593333e+02  -5.562870e+00 4.108515e-01
1.596667e+02  -5.494394e+00 5.962805e-01
1.600000e+02  -5.395014e+00 7.794269e-01
1.603333e+02  -5.265110e+00 9.592608e-01
1.606667e+02  -5.105233e+00 1.134764e+00
1.610000e+02  -4.916106e+00 1.304939e+00
1.613333e+02  -4.698616e+00 1.468809e+00
1.616667e+02  -4.453814e+00 1.625430e+00
1.620000e+02  -4.182909e+00 1.773890e+00
1.623333e+02  -3.887261e+00 1.913320e+00
1.626667e+02  -3.568374e+00 2.042896e+00
1.630000e+02  -3.227892e+00 2.161842e+00
1.633333e+02  -2.867585e+00 2.269438e+00
1.636667e+02  -2.489345e+00 2.365024e+00
1.640000e+02  -2.095174e+00 2.448002e+00
1.643333e+02  -1.687174e+00 2.517841e+00
1.646667e+02  -1.267534e+00 2.574081e+00
1.650000e+02  -8.385204e-01 2.616332e+00
1.653333e+02  -4.024651e-01 2.644282e+00
1.656667e+02  3.824863e-02 2.657698e+00
1.660000e+02  4.811983e-01 2.656423e+00
1.663333e+02  9.239354e-01 2.640383e+00
1.666667e+02  1.363999e+00 2.609585e+00
1.670000e+02  1.798930e+00 2.564118e+00
1.673333e+02  2.226283e+00 2.504154e+00
1.676667e+02  2.643642e+00 2.429945e+00
1.680000e+02  3.048633e+00 2.341823e+00
1.683333e+02  3.438937e+00 2.240202e+00
1.686667e+02  3.812304e+00 2.125571e+00
1.690000e+02  4.166566e+00 1.998494e+00
1.693333e+02  4.499648e+00 1.859609e+00
1.696667e+02  4.809583e+00 1.709620e+00
1.700000e+02  5.094519e+00 1.549301e+00
1.703333e+02  5.352736e+00 1.379484e+00
1.706667e+02  5.582650e+00 1.201059e+00
1.710000e+02  5.782827e+00 1.014971e+00
1.713333e+02  5.951989e+00 8.222098e-01
1.716667e+02  6.089024e+00 6.238102e-01
1.720000e+02  6.192992e+00 4.208428e-01
1.723333e+02  6.263132e+00 2.144097e-01
1.726667e+02  6.298867e+00 5.638612e-03
1.730000e+02  6.299807e+00 -2.043236e-01
1.733333e+02  6.265753e+00 -4.143172e-01
1.736667e+02  6.196700e+00 -6.231756e-01
1.740000e+02  6.092838e+00 -8.297323e-01
1.743333e+02  5.954549e+00 -1.032827e+00
1.746667e+02  5.782411e+00 -1.231312e+00
1.750000e+02  5.577192e+00 -1.424059e+00
1.753333e+02  5.339849e+00 -1.609965e+00
1.756667e+02  5.071522e+00 -1.787960e+00
1.760000e+02  4.773528e+00 -1.957011e+00
1.763333e+02  4.447360e+00 -2.116129e+00
1.766667e+02  4.094672e+00 -2.264374e+00
1.770000e+02  3.717276e+00 -2.400863e+00
1.773333e+02  3.317132e+00 -2.524772e+00
1.776667e+02  2.896337e+00 -2.635343e+00
1.780000e+02  2.457113e+00 -2.731888e+00
1.783333e+02  2.001798e+00 -2.813792e+00
1.786667e+02  1.532833e+00 -2.880518e+00
1.790000e+02  1.052747e+00 -2.931613e+00
1.793333e+02  5.641446e-01 -2.966704e+00
1.796667e+02  6.969391e-02 -2.985509e+00
1.800000e+02  -4.278909e-01 -2.987832e+00
1.803333e+02  -9.258630e-01 -2.973569e+00
1.806667e+02  -1.421458e+00 -2.942707e+00
1.810000e+02  -1.911909e+00 -2.895325e+00
1.813333e+02  -2.394463e+00 -2.831595e+00
1.816667e+02  -2.866396e+00 -2.751779e+00
1.820000e+02  -3.325026e+00 -2.656233e+00
1.823333e+02  -3.767731e+00 -2.545399e+00
1.826667e+02  -4.191964e+00 -2.419808e+00
1.830000e+02  -4.595265e+00 -2.280076e+00
1.833333e+02  -4.975278e+00 -2.126900e+00
1.836667e+02  -5.329761e+00 -1.961057e+00
1.840000e+02  -5.656604e+00 -1.783399e+00
1.843333e+02  -5.953837e+00 -1.594845e+00
1.846667e+02  -6.219645e+00 -1.396384e+00
1.850000e+02  -6.452376e+00 -1.189062e+00
1.853333e+02  -6.650553e+00 -9.739833e-01
1.856667e+02  -6.812883e+00 -7.522982e-01
1.860000e+02  -6.938266e+00 -5.252021e-01
1.863333e+02  -7.025800e+00 -2.939265e-01
1.866667e+02  -7.074788e+00 -5.973322e-02
1.870000e+02  -7.084743e+00 1.760930e-01
1.873333e+02  -7.055394e+00 4.122511e-01
1.876667e+02  -6.986686e+00 6.474310e-01
1.880000e+02  -6.878781e+00 8.803205e-01
1.883333e+02  -6.732061e+00 1.109613e+00
1.886667e+02  -6.547125e+00 1.334015e+00
1.890000e+02  -6.324789e+00 1.552253e+00
1.893333e+02  -6.066080e+00 1.763079e+00
1.896667e+02  -5.772234e+00 1.965282e+00
1.900000e+02  -5.444687e+00 2.157689e+00
1.903333e+02  -5.085072e+00 2.339179e+00
1.906667e+02  -4.695209e+00 2.508681e+00
1.910000e+02  -4.277095e+00 2.665188e+00
1.913333e+02  -3.832897e+00 2.807758e+00
1.916667e+02  -3.364938e+00 2.935521e+00
1.920000e+02  -2.875684e+00 3.047686e+00
1.923333e+02  -2.367736e+00 3.143542e+00
1.926667e+02  -1.843813e+00 3.222467e+00
1.930000e+02  -1.306735e+00 3.283927e+00
1.933333e+02  -7.594136e-01 3.327485e+00
1.936667e+02  -2.048328e-01 3.352799e+00
1.940000e+02  3.539670e-01 3.359627e+00
1.943333e+02  9.139048e-01 3.347828e+00
1.946667e+02  1.471876e+00 3.317364e+00
1.950000e+02  2.024770e+00 3.268302e+00
1.953333e+02  2.569487e+00 3.200809e+00
1.956667e+02  3.102955e+00 3.115160e+00
1.960000e+02  3.622149e+00 3.011728e+00
1.963333e+02  4.124103e+00 2.890990e+00
1.966667e+02  4.605935e+00 2.753519e+00
1.970000e+02  5.064855e+00 2.599988e+00
1.973333e+02  5.498186e+00 2.431160e+00
1.976667e+02  5.903379e+00 2.247887e+00
1.980000e+02  6.278027e+00 2.051108e+00
1.983333e+02  6.619878e+00 1.841840e+00
1.986667e+02  6.926852e+00 1.621177e+00
1.990000e+02  7.197048e+00 1.390282e+00
1.993333e+02  7.428762e+00 1.150381e+00
1.996667e+02  7.620492e+00 9.027554e-01
2.000000e+02  7.770951e+00 6.487390e-01
2.003333e+02  7.879074e+00 3.897073e-01
2.006667e+02  7.944026e+00 1.270715e-01
2.010000e+02  7.965204e+00 -1.377294e-01
2.013333e+02  7.942249e+00 -4.032362e-01
2.016667e+02  7.875043e+00 -6.679778e-01
2.020000e+02  7.763714e+00 -9.304793e-01
2.023333e+02  7.608634e+00 -1.189270e+00
2.026667e+02  7.410422e+00 -1.442891e+00
2.030000e+02  7.169940e+00 -1.689905e+00
2.033333e+02  6.888289e+00 -1.928903e+00
2.036667e+02  6.566806e+00 -2.158513e+00
2.040000e+02  6.207054e+00 -2.377406e+00
2.043333e+02  5.810819e+00 -2.584308e+00
2.046667e+02  5.380101e+00 -2.778002e+00
2.050000e+02  4.917101e+00 -2.957339e+00
2.053333e+02  4.424211e+00 -3.121242e+00
2.056667e+02  3.904004e+00 -3.268716e+00
2.060000e+02  3.359218e+00 -3.398849e+00
2.063333e+02  2.792743e+00 -3.510823e+00
2.066667e+02  2.207606e+00 -3.603914e+00
2.070000e+02  1.606954e+00 -3.677501e+00
2.073333e+02  9.940369e-01 -3.731066e+00
2.076667e+02  3.721925e-01 -3.764201e+00
2.080000e+02  -2.551743e-01 -3.776607e+00
2.083333e+02  -8.846089e-01 -3.768102e+00
2.086667e+02  -1.512626e+00 -3.738615e+00
2.090000e+02  -2.135728e+00 -3.688194e+00
2.093333e+02  -2.750427e+00 -3.617003e+00
2.096667e+02  -3.353261e+00 -3.525322e+00
2.100000e+02  -3.940815e+00 -3.413547e+00
2.103333e+02  -4.509739e+00 -3.282186e+00
2.106667e+02  -5.056770e+00 -3.131861e+00
2.110000e+02  -5.578747e+00 -2.963302e+00
2.113333e+02  -6.072631e+00 -2.777344e+00
2.116667e+02  -6.535522e+00 -2.574923e+00
2.120000e+02  -6.964675e+00 -2.357072e+00
2.123333e+02  -7.357521e+00 -2.124917e+00
2.126667e+02  -7.711674e+00 -1.879666e+00
2.130000e+02  -8.024951e+00 -1.622610e+00
2.133333e+02  -8.295386e+00 -1.355112e+00
2.136667e+02  -8.521238e+00 -1.078599e+00
2.140000e+02  -8.701005e+00 -7.945576e-01
2.143333e+02  -8.833431e+00 -5.045241e-01
2.146667e+02  -8.917518e+00 -2.100764e-01
2.150000e+02  -8.952531e+00 8.717418e-02
2.153333e+02  -8.938002e+00 3.855919e-01
2.156667e+02  -8.873737e+00 6.835253e-01
2.160000e+02  -8.759816e+00 9.793165e-01
2.163333e+02  -8.596596e+00 1.271310e+00
2.166667e+02  -8.384711e+00 1.557864e+00
2.170000e+02  -8.125067e+00 1.837354e+00
2.173333e+02  -7.818842e+00 2.108190e+00
2.176667e+02  -7.467477e+00 2.368818e+00
2.180000e+02  -7.072674e+00 2.617733e+00
2.183333e+02  -6.636385e+00 2.853489e+00
2.186667e+02  -6.160803e+00 3.074702e+00
2.190000e+02  -5.648353e+00 3.280062e+00
2.193333e+02  -5.101676e+00 3.468341e+00
2.196667e+02  -4.523619e+00 3.638397e+00
2.200000e+02  -3.917220e+00 3.789184e+00
2.203333e+02  -3.285689e+00 3.919758e+00
2.206667e+02  -2.632396e+00 4.029281e+00
2.210000e+02  -1.960849e+00 4.117027e+00
2.213333e+02  -1.274678e+00 4.182389e+00
2.216667e+02  -5.776134e-01 4.224878e+00
2.220000e+02  1.265330e-01 4.244132e+00
2.223333e+02  8.338884e-01 4.239914e+00
2.226667e+02  1.540541e+00 4.212118e+00
2.230000e+02  2.242560e+00 4.160767e+00
2.233333e+02  2.936022e+00 4.086015e+00
2.236667e+02  3.617024e+00 3.988147e+00
2.240000e+02  4.281715e+00 3.867580e+00
2.243333e+02  4.926312e+00 3.724856e+00
2.246667e+02  5.547121e+00 3.560646e+00
2.250000e+02  6.140562e+00 3.375742e+00
2.253333e+02  6.703186e+00 3.171056e+00
2.256667e+02  7.231695e+00 2.947617e+00
2.260000e+02  7.722964e+00 2.706560e+00
2.263333e+02  8.174058e+00 2.449128e+00
2.266667e+02  8.582246e+00 2.176659e+00
2.270000e+02  8.945022e+00 1.890585e+00
2.273333e+02  9.260120e+00 1.592417e+00
2.276667e+02  9.525523e+00 1.283746e+00
2.280000e+02  9.739480e+00 9.662290e-01
2.283333e+02  9.900519e+00 6.415797e-01
2.286667e+02  1.000745e+01 3.115624e-01
2.290000e+02  1.005938e+01 -2.201923e-02
2.293333e+02  1.005571e+01 -3.573317e-01
2.296667e+02  9.996150e+00 -6.925219e-01
2.300000e+02  9.880730e+00 -1.025727e+00
2.303333e+02  9.709776e+00 -1.355085e+00
2.306667e+02  9.483928e+00 -1.678744e+00
2.310000e+02  9.204137e+00 -1.994875e+00
2.313333e+02  8.871658e+00 -2.301679e+00
2.316667e+02  8.488045e+00 -2.597401e+00
2.320000e+02  8.055145e+00 -2.880336e+00
2.323333e+02  7.575089e+00 -3.148841e+00
2.326667e+02  7.050282e+00 -3.401344e+00
2.330000e+02  6.483391e+00 -3.636353e+00
2.333333e+02  5.877333e+00 -3.852466e+00
2.336667e+02  5.235255e+00 -4.048377e+00
2.340000e+02  4.560525e+00 -4.222886e+00
2.343333e+02  3.856711e+00 -4.374903e+00
2.346667e+02  3.127560e+00 -4.503460e+00
2.350000e+02  2.376984e+00 -4.607712e+00
2.353333e+02  1.609032e+00 -4.686945e+00
2.356667e+02  8.278740e-01 -4.740580e+00
2.360000e+02  3.777739e-02 -4.768175e+00
2.363333e+02  -7.569185e-01 -4.769435e+00
2.366667e+02  -1.551824e+00 -4.744204e+00
2.370000e+02  -2.342525e+00 -4.692477e+00
2.373333e+02  -3.124604e+00 -4.614392e+00
2.376667e+02  -3.893670e+00 -4.510239e+00
2.380000e+02  -4.645376e+00 -4.380450e+00
2.383333e+02  -5.375451e+00 -4.225604e+00
2.386667e+02  -6.079719e+00 -4.046422e+00
2.390000e+02  -6.754122e+00 -3.843765e+00
2.393333e+02  -7.394750e+00 -3.618628e+00
2.396667e+02  -7.997855e+00 -3.372136e+00
2.400000e+02  -8.559877e+00 -3.105541e+00
2.403333e+02  -9.077467e+00 -2.820212e+00
2.406667e+02  -9.547503e+00 -2.517629e+00
2.410000e+02  -9.967108e+00 -2.199379e+00
2.413333e+02  -1.033367e+01 -1.867142e+00
2.416667e+02  -1.064486e+01 -1.522687e+00
2.420000e+02  -1.089864e+01 -1.167858e+00
2.423333e+02  -1.109329e+01 -8.045699e-01
2.426667e+02  -1.122738e+01 -4.347937e-01
2.430000e+02  -1.129985e+01 -6.054772e-02
2.433333e+02  -1.130994e+01 3.161138e-01
2.436667e+02  -1.125725e+01 6.931117e-01
2.440000e+02  -1.114173e+01 1.068353e+00
2.443333e+02  -1.096367e+01 1.439745e+00
2.446667e+02  -1.072372e+01 1.805200e+00
2.450000e+02  -1.042285e+01 2.162658e+00
2.453333e+02  -1.006241e+01 2.510086e+00
2.456667e+02  -9.644059e+00 2.845499e+00
2.460000e+02  -9.169809e+00 3.166968e+00
2.463333e+02  -8.641981e+00 3.472628e+00
2.466667e+02  -8.063210e+00 3.760694e+00
2.470000e+02  -7.436428e+00 4.029468e+00
2.473333e+02  -6.764850e+00 4.277349e+00
2.476667e+02  -6.051958e+00 4.502844e+00
2.480000e+02  -5.301484e+00 4.704576e+00
2.483333e+02  -4.517388e+00 4.881292e+00
2.486667e+02  -3.703839e+00 5.031872e+00
2.490000e+02  -2.865194e+00 5.155333e+00
2.493333e+02  -2.005972e+00 5.250839e+00
2.496667e+02  -1.130832e+00 5.317705e+00
2.500000e+02  -2.445478e-01 5.355400e+00
2.503333e+02  6.480188e-01 5.363551e+00
2.506667e+02  1.541944e+00 5.341951e+00
2.510000e+02  2.432269e+00 5.290552e+00
2.513333e+02  3.314028e+00 5.209477e+00
2.516667e+02  4.182274e+00 5.099009e+00
2.520000e+02  5.032109e+00 4.959600e+00
2.523333e+02  5.858709e+00 4.791863e+00
2.526667e+02  6.657353e+00 4.596573e+00
2.530000e+02  7.423448e+00 4.374661e+00
2.533333e+02  8.152558e+00 4.127213e+00
2.536667e+02  8.840427e+00 3.855461e+00
2.540000e+02  9.483004e+00 3.560780e+00
2.543333e+02  1.007647e+01 3.244680e+00
2.546667e+02  1.061725e+01 2.908798e+00
2.550000e+02  1.110205e+01 2.554889e+00
2.553333e+02  1.152786e+01 2.184821e+00
2.556667e+02  1.189200e+01 1.800559e+00
2.560000e+02  1.219209e+01 1.404159e+00
2.563333e+02  1.242612e+01 9.977560e-01
2.566667e+02  1.259241e+01 5.835521e-01
2.570000e+02  1.268967e+01 1.638051e-01
2.573333e+02  1.271697e+01 -2.591839e-01
2.576667e+02  1.267377e+01 -6.830829e-01
2.580000e+02  1.255993e+01 -1.105542e+00
2.583333e+02  1.237567e+01 -1.524206e+00
2.586667e+02  1.212163e+01 -1.936729e+00
2.590000e+02  1.179885e+01 -2.340783e+00
2.593333e+02  1.140872e+01 -2.734078e+00
2.596667e+02  1.095304e+01 -3.114368e+00
2.600000e+02  1.043397e+01 -3.479470e+00
2.603333e+02  9.854063e+00 -3.827269e+00
2.606667e+02  9.216185e+00 -4.155738e+00
2.610000e+02  8.523562e+00 -4.462944e+00
2.613333e+02  7.779738e+00 -4.747062e+00
2.616667e+02  6.988561e+00 -5.006387e+00
2.620000e+02  6.154163e+00 -5.239339e+00
2.623333e+02  5.280940e+00 -5.444478e+00
2.626667e+02  4.373527e+00 -5.620509e+00
2.630000e+02  3.436776e+00 -5.766293e+00
2.633333e+02  2.475727e+00 -5.880853e+00
2.636667e+02  1.495585e+00 -5.963377e+00
2.640000e+02  5.016884e-01 -6.013230e+00
2.643333e+02  -5.005165e-01 -6.029953e+00
2.646667e+02  -1.505509e+00 -6.013269e+00
2.650000e+02  -2.507720e+00 -5.963085e+00
2.653333e+02  -3.501568e+00 -5.879494e+00
2.656667e+02  -4.481483e+00 -5.762776e+00
2.660000e+02  -5.441946e+00 -5.613393e+00
2.663333e+02  -6.377511e+00 -5.431995e+00
2.666667e+02  -7.282844e+00 -5.219411e+00
2.670000e+02  -8.152746e+00 -4.976649e+00
2.673333e+02  -8.982187e+00 -4.704891e+00
2.676667e+02  -9.766336e+00 -4.405485e+00
2.680000e+02  -1.050058e+01 -4.079940e+00
2.683333e+02  -1.118057e+01 -3.729921e+00
2.686667e+02  -1.180223e+01 -3.357235e+00
2.690000e+02  -1.236177e+01 -2.963828e+00
2.693333e+02  -1.285574e+01 -2.551769e+00
2.696667e+02  -1.328103e+01 -2.123244e+00
2.700000e+02  -1.363491e+01 -1.680543e+00
2.703333e+02  -1.391500e+01 -1.226046e+00
2.706667e+02  -1.411934e+01 -7.622131e-01
2.710000e+02  -1.424637e+01 -2.915685e-01
2.713333e+02  -1.429497e+01 1.833106e-01
2.716667e+02  -1.426442e+01 6.598096e-01
2.720000e+02  -1.415445e+01 1.135290e+00
2.723333e+02  -1.396523e+01 1.607105e+00
2.726667e+02  -1.369738e+01 2.072613e+00
2.730000e+02  -1.335195e+01 2.529192e+00
2.733333e+02  -1.293041e+01 2.974257e+00
2.736667e+02  -1.243471e+01 3.405271e+00
2.740000e+02  -1.186716e+01 3.819761e+00
2.743333e+02  -1.123053e+01 4.215333e+00
2.746667e+02  -1.052798e+01 4.589684e+00
2.750000e+02  -9.763030e+00 4.940617e+00
2.753333e+02  -8.939594e+00 5.266051e+00
2.756667e+02  -8.061919e+00 5.564038e+00
2.760000e+02  -7.134579e+00 5.832768e+00
2.763333e+02  -6.162451e+00 6.070588e+00
2.766667e+02  -5.150687e+00 6.276003e+00
2.770000e+02  -4.104686e+00 6.447692e+00
2.773333e+02  -3.030071e+00 6.584515e+00
2.776667e+02  -1.932652e+00 6.685517e+00
2.780000e+02  -8.183988e-01 6.749939e+00
2.783333e+02  3.065910e-01 6.777219e+00
2.786667e+02  1.436128e+00 6.766999e+00
2.790000e+02  2.563961e+00 6.719128e+00
2.793333e+02  3.683815e+00 6.633663e+00
2.796667e+02  4.789426e+00 6.510869e+00
2.800000e+02  5.874571e+00 6.351222e+00
2.803333e+02  6.933108e+00 6.155403e+00
2.806667e+02  7.959008e+00 5.924299e+00
2.810000e+02  8.946391e+00 5.658999e+00
2.813333e+02  9.889558e+00 5.360786e+00
2.816667e+02  1.078302e+01 5.031134e+00
2.820000e+02  1.162154e+01 4.671700e+00
2.823333e+02  1.240016e+01 4.284315e+00
2.826667e+02  1.311421e+01 3.870976e+00
2.830000e+02  1.375938e+01 3.433836e+00
2.833333e+02  1.433168e+01 2.975190e+00
2.836667e+02  1.482755e+01 2.497467e+00
2.840000e+02  1.524379e+01 2.003216e+00
2.843333e+02  1.557766e+01 1.495089e+00
2.846667e+02  1.582684e+01 9.758338e-01
2.850000e+02  1.598948e+01 4.482724e-01
2.853333e+02  1.606419e+01 -8.471033e-02
2.856667e+02  1.605008e+01 -6.201835e-01
2.860000e+02  1.594671e+01 -1.155186e+00
2.863333e+02  1.575418e+01 -1.686743e+00
2.866667e+02  1.547306e+01 -2.211882e+00
2.870000e+02  1.510441e+01 -2.727651e+00
2.873333e+02  1.464980e+01 -3.231131e+00
2.876667e+02  1.411128e+01 -3.719458e+00
2.880000e+02  1.349137e+01 -4.189834e+00
2.883333e+02  1.279306e+01 -4.639546e+00
2.886667e+02  1.201981e+01 -5.065982e+00
2.890000e+02  1.117548e+01 -5.466642e+00
2.893333e+02  1.026437e+01 -5.839158e+00
2.896667e+02  9.291176e+00 -6.181303e+00
2.900000e+02  8.260959e+00 -6.491009e+00
2.903333e+02  7.179124e+00 -6.766374e+00
2.906667e+02  6.051395e+00 -7.005679e+00
2.910000e+02  4.883782e+00 -7.207392e+00
2.913333e+02  3.682550e+00 -7.370184e+00
2.916667e+02  2.454186e+00 -7.492936e+00
2.920000e+02  1.205363e+00 -7.574742e+00
2.923333e+02  -5.709419e-02 -7.614921e+00
2.926667e+02  -1.326248e+00 -7.613018e+00
2.930000e+02  -2.595084e+00 -7.568810e+00
2.933333e+02  -3.856552e+00 -7.482307e+00
2.936667e+02  -5.103603e+00 -7.353755e+00
2.940000e+02  -6.329229e+00 -7.183635e+00
2.943333e+02  -7.526502e+00 -6.972661e+00
2.946667e+02  -8.688612e+00 -6.721777e+00
2.950000e+02  -9.808908e+00 -6.432157e+00
2.953333e+02  -1.088093e+01 -6.105193e+00
2.956667e+02  -1.189847e+01 -5.742496e+00
2.960000e+02  -1.285555e+01 -5.345880e+00
2.963333e+02  -1.374653e+01 -4.917362e+00
2.966667e+02  -1.456609e+01 -4.459144e+00
2.970000e+02  -1.530928e+01 -3.973608e+00
2.973333e+02  -1.597155e+01 -3.463298e+00
2.976667e+02  -1.654876e+01 -2.930913e+00
2.980000e+02  -1.703725e+01 -2.379288e+00
2.983333e+02  -1.743380e+01 -1.811380e+00
2.986667e+02  -1.773569e+01 -1.230253e+00
2.990000e+02  -1.794074e+01 -6.390632e-01
2.993333e+02  -1.804725e+01 -4.103865e-02
2.996667e+02  -1.805409e+01 5.605363e-01
3.000000e+02  -1.796066e+01 1.162339e+00
3.003333e+02  -1.776694e+01 1.761028e+00
3.006667e+02  -1.747344e+01 2.353259e+00
3.010000e+02  -1.708123e+01 2.935707e+00
3.013333e+02  -1.659194e+01 3.505081e+00
3.016667e+02  -1.600776e+01 4.058146e+00
3.020000e+02  -1.533140e+01 4.591738e+00
3.023333e+02  -1.456611e+01 5.102785e+00
3.026667e+02  -1.371565e+01 5.588322e+00
3.030000e+02  -1.278426e+01 6.045511e+00
3.033333e+02  -1.177668e+01 6.471653e+00
3.036667e+02  -1.069807e+01 6.864209e+00
3.040000e+02  -9.554035e+00 7.220811e+00
3.043333e+02  -8.350566e+00 7.539279e+00
3.046667e+02  -7.094020e+00 7.817631e+00
3.050000e+02  -5.791081e+00 8.054098e+00
3.053333e+02  -4.448731e+00 8.247134e+00
3.056667e+02  -3.074209e+00 8.395425e+00
3.060000e+02  -1.674972e+00 8.497899e+00
3.063333e+02  -2.586550e-01 8.553731e+00
3.066667e+02  1.166967e+00 8.562353e+00
3.070000e+02  2.594026e+00 8.523454e+00
3.073333e+02  4.014601e+00 8.436987e+00
3.076667e+02  5.420766e+00 8.303167e+00
3.080000e+02  6.804627e+00 8.122475e+00
3.083333e+02  8.158373e+00 7.895654e+00
3.086667e+02  9.474315e+00 7.623708e+00
3.090000e+02  1.074493e+01 7.307897e+00
3.093333e+02  1.196292e+01 6.949733e+00
3.096667e+02  1.312120e+01 6.550969e+00
3.100000e+02  1.421303e+01 6.113596e+00
3.103333e+02  1.523197e+01 5.639828e+00
3.106667e+02  1.617194e+01 5.132096e+00
3.110000e+02  1.702729e+01 4.593031e+00
3.113333e+02  1.779279e+01 4.025455e+00
3.116667e+02  1.846370e+01 3.432362e+00
3.120000e+02  1.903576e+01 2.816905e+00
3.123333e+02  1.950524e+01 2.182380e+00
3.126667e+02  1.986897e+01 1.532205e+00
3.130000e+02  2.012434e+01 8.699058e-01
3.133333e+02  2.026933e+01 1.990944e-01
3.136667e+02  2.030251e+01 -4.765498e-01
3.140000e+02  2.022308e+01 -1.153300e+00
3.143333e+02  2.003087e+01 -1.827403e+00
3.146667e+02  1.972630e+01 -2.495099e+00
3.150000e+02  1.931045e+01 -3.152642e+00
3.153333e+02  1.878501e+01 -3.796324e+00
3.156667e+02  1.815229e+01 -4.422491e+00
3.160000e+02  1.741521e+01 -5.027567e+00
3.163333e+02  1.657728e+01 -5.608074e+00
3.166667e+02  1.564260e+01 -6.160650e+00
3.170000e+02  1.461583e+01 -6.682070e+00
3.173333e+02  1.350215e+01 -7.169264e+00
3.176667e+02  1.230727e+01 -7.619336e+00
3.180000e+02  1.103738e+01 -8.029578e+00
3.183333e+02  9.699118e+00 -8.397491e+00
3.186667e+02  8.299536e+00 -8.720795e+00
3.190000e+02  6.846071e+00 -8.997446e+00
3.193333e+02  5.346496e+00 -9.225648e+00
3.196667e+02  3.808888e+00 -9.403865e+00
3.200000e+02  2.241577e+00 -9.530828e+00
3.203333e+02  6.531062e-01 -9.605547e+00
3.206667e+02  -9.478183e-01 -9.627317e+00
3.210000e+02  -2.552371e+00 -9.595723e+00
3.213333e+02  -4.151658e+00 -9.510644e+00
3.216667e+02  -5.736766e+00 -9.372256e+00
3.220000e+02  -7.298808e+00 -9.181030e+00
3.223333e+02  -8.828980e+00 -8.937736e+00
3.226667e+02  -1.031860e+01 -8.643437e+00
3.230000e+02  -1.175918e+01 -8.299484e+00
3.233333e+02  -1.314242e+01 -7.907511e+00
3.236667e+02  -1.446034e+01 -7.469430e+00
3.240000e+02  -1.570525e+01 -6.987419e+00
3.243333e+02  -1.686982e+01 -6.463911e+00
3.246667e+02  -1.794713e+01 -5.901584e+00
3.250000e+02  -1.893073e+01 -5.303346e+00
3.253333e+02  -1.981462e+01 -4.672321e+00
3.256667e+02  -2.059334e+01 -4.011834e+00
3.260000e+02  -2.126198e+01 -3.325389e+00
3.263333e+02  -2.181621e+01 -2.616656e+00
3.266667e+02  -2.225232e+01 -1.889449e+00
3.270000e+02  -2.256723e+01 -1.147705e+00
3.273333e+02  -2.275852e+01 -3.954641e-01
3.276667e+02  -2.282443e+01 3.631530e-01
3.280000e+02  -2.276390e+01 1.123967e+00
3.283333e+02  -2.257657e+01 1.882764e+00
3.286667e+02  -2.226278e+01 2.635316e+00
3.290000e+02  -2.182356e+01 3.377409e+00
3.293333e+02  -2.126066e+01 4.104861e+00
3.296667e+02  -2.057651e+01 4.813550e+00
3.300000e+02  -1.977426e+01 5.499433e+00
3.303333e+02  -1.885768e+01 6.158575e+00
3.306667e+02  -1.783125e+01 6.787165e+00
3.310000e+02  -1.670006e+01 7.381540e+00
3.313333e+02  -1.546980e+01 7.938209e+00
3.316667e+02  -1.414677e+01 8.453869e+00
3.320000e+02  -1.273779e+01 8.925428e+00
3.323333e+02  -1.125022e+01 9.350021e+00
3.326667e+02  -9.691883e+00 9.725028e+00
3.330000e+02  -8.071045e+00 1.004809e+01
3.333333e+02  -6.396363e+00 1.031713e+01
3.336667e+02  -4.676842e+00 1.053034e+01
3.340000e+02  -2.921786e+00 1.068623e+01
3.343333e+02  -1.140747e+00 1.078363e+01
3.346667e+02  6.565237e-01 1.082165e+01
3.350000e+02  2.460132e+00 1.079977e+01
3.353333e+02  4.260093e+00 1.071776e+01
3.356667e+02  6.046387e+00 1.057576e+01
3.360000e+02  7.809013e+00 1.037421e+01
3.363333e+02  9.538049e+00 1.011391e+01
3.366667e+02  1.122370e+01 9.795977e+00
3.370000e+02  1.285636e+01 9.421854e+00
3.373333e+02  1.442667e+01 8.993308e+00
3.376667e+02  1.592556e+01 8.512419e+00
3.380000e+02  1.734429e+01 7.981567e+00
3.383333e+02  1.867455e+01 7.403424e+00
3.386667e+02  1.990846e+01 6.780939e+00
3.390000e+02  2.103862e+01 6.117324e+00
3.393333e+02  2.205817e+01 5.416037e+00
3.396667e+02  2.296084e+01 4.680764e+00
3.400000e+02  2.374097e+01 3.915403e+00
3.403333e+02  2.439354e+01 3.124037e+00
3.406667e+02  2.491421e+01 2.310919e+00
3.410000e+02  2.529936e+01 1.480446e+00
3.413333e+02  2.554610e+01 6.371336e-01
3.416667e+02  2.565229e+01 -2.144032e-01
3.420000e+02  2.561656e+01 -1.069480e+00
3.423333e+02  2.543831e+01 -1.923365e+00
3.426667e+02  2.511775e+01 -2.771309e+00
3.430000e+02  2.465587e+01 -3.608567e+00
3.433333e+02  2.405444e+01 -4.430429e+00
3.436667e+02  2.331603e+01 -5.232244e+00
3.440000e+02  2.244399e+01 -6.009445e+00
3.443333e+02  2.144242e+01 -6.757578e+00
3.446667e+02  2.031616e+01 -7.472325e+00
3.450000e+02  1.907077e+01 -8.149531e+00
3.453333e+02  1.771251e+01 -8.785223e+00
3.456667e+02  1.624831e+01 -9.375640e+00
3.460000e+02  1.468570e+01 -9.917250e+00
3.463333e+02  1.303283e+01 -1.040677e+01
3.466667e+02  1.129837e+01 -1.084120e+01
3.470000e+02  9.491498e+00 -1.121781e+01
3.473333e+02  7.621863e+00 -1.153420e+01
3.476667e+02  5.699497e+00 -1.178826e+01
3.480000e+02  3.734787e+00 -1.197824e+01
3.483333e+02  1.738413e+00 -1.210273e+01
3.486667e+02  -2.787092e-01 -1.216068e+01
3.490000e+02  -2.305490e+00 -1.215139e+01
3.493333e+02  -4.330721e+00 -1.207454e+01
3.496667e+02  -6.343145e+00 -1.193018e+01
3.500000e+02  -8.331509e+00 -1.171875e+01
3.503333e+02  -1.028463e+01 -1.144103e+01
3.506667e+02  -1.219147e+01 -1.109821e+01
3.510000e+02  -1.404117e+01 -1.069183e+01
3.513333e+02  -1.582314e+01 -1.022379e+01
3.516667e+02  -1.752711e+01 -9.696349e+00
3.520000e+02  -1.914317e+01 -9.112112e+00
3.523333e+02  -2.066185e+01 -8.474006e+00
3.526667e+02  -2.207419e+01 -7.785278e+00
3.530000e+02  -2.337173e+01 -7.049472e+00
3.533333e+02  -2.454664e+01 -6.270414e+00
3.536667e+02  -2.559171e+01 -5.452192e+00
3.540000e+02  -2.650041e+01 -4.599135e+00
3.543333e+02  -2.726694e+01 -3.715788e+00
3.546667e+02  -2.788623e+01 -2.806890e+00
3.550000e+02  -2.835405e+01 -1.877349e+00
3.553333e+02  -2.866694e+01 -9.322143e-01
3.556667e+02  -2.882231e+01 2.335041e-02
3.560000e+02  -2.881842e+01 9.840940e-01
3.563333e+02  -2.865440e+01 1.944708e+00
3.566667e+02  -2.833028e+01 2.899855e+00
3.570000e+02  -2.784697e+01 3.844197e+00
3.573333e+02  -2.720627e+01 4.772430e+00
3.576667e+02  -2.641087e+01 5.679306e+00
3.580000e+02  -2.546432e+01 6.559668e+00
3.583333e+02  -2.437104e+01 7.408479e+00
3.586667e+02  -2.313629e+01 8.220847e+00
3.590000e+02  -2.176615e+01 8.992057e+00
3.593333e+02  -2.026748e+01 9.717595e+00
3.596667e+02  -1.864788e+01 1.039318e+01
3.600000e+02  -1.691568e+01 1.101477e+01
3.603333e+02  -1.507989e+01 1.157863e+01
3.606667e+02  -1.315011e+01 1.208129e+01
3.610000e+02  -1.113657e+01 1.251963e+01
3.613333e+02  -9.049961e+00 1.289085e+01
3.616667e+02  -6.901486e+00 1.319251e+01
3.620000e+02  -4.702734e+00 1.342256e+01
3.623333e+02  -2.465640e+00 1.357932e+01
3.626667e+02  -2.024198e-01 1.366151e+01
3.630000e+02  2.074498e+00 1.366826e+01
3.633333e+02  4.352541e+00 1.359911e+01
3.636667e+02  6.619059e+00 1.345402e+01
3.640000e+02  8.861396e+00 1.323339e+01
3.643333e+02  1.106696e+01 1.293801e+01
3.646667e+02  1.322329e+01 1.256911e+01
3.650000e+02  1.531815e+01 1.212833e+01
3.653333e+02  1.733953e+01 1.161773e+01
3.656667e+02  1.927582e+01 1.103974e+01
3.660000e+02  2.111578e+01 1.039721e+01
3.663333e+02  2.284865e+01 9.693355e+00
3.666667e+02  2.446421e+01 8.931734e+00
3.670000e+02  2.595283e+01 8.116260e+00
3.673333e+02  2.730554e+01 7.251166e+00
3.676667e+02  2.851407e+01 6.340981e+00
3.680000e+02  2.957090e+01 5.390512e+00
3.683333e+02  3.046932e+01 4.404816e+00
3.686667e+02  3.120345e+01 3.389172e+00
3.690000e+02  3.176831e+01 2.349057e+00
3.693333e+02  3.215982e+01 1.290113e+00
3.696667e+02  3.237484e+01 2.181187e-01
3.700000e+02  3.241120e+01 -8.610427e-01
3.703333e+02  3.226769e+01 -1.941416e+00
3.706667e+02  3.194412e+01 -3.017006e+00
3.710000e+02  3.144129e+01 -4.081809e+00
3.713333e+02  3.076098e+01 -5.129852e+00
3.716667e+02  2.990601e+01 -6.155218e+00
3.720000e+02  2.888014e+01 -7.152085e+00
3.723333e+02  2.768812e+01 -8.114757e+00
3.726667e+02  2.633566e+01 -9.037694e+00
3.730000e+02  2.482938e+01 -9.915550e+00
3.733333e+02  2.317679e+01 -1.074320e+01
3.736667e+02  2.138626e+01 -1.151576e+01
3.740000e+02  1.946697e+01 -1.222863e+01
3.743333e+02  1.742886e+01 -1.287753e+01
3.746667e+02  1.528261e+01 -1.345849e+01
3.750000e+02  1.303952e+01 -1.396791e+01
3.753333e+02  1.071154e+01 -1.440256e+01
3.756667e+02  8.311111e+00 -1.475961e+01
3.760000e+02  5.851176e+00 -1.503665e+01
3.763333e+02  3.345067e+00 -1.523169e+01
3.766667e+02  8.064522e-01 -1.534319e+01
3.770000e+02  -1.750747e+00 -1.537007e+01
3.773333e+02  -4.312426e+00 -1.531172e+01
3.776667e+02  -6.864378e+00 -1.516797e+01
3.780000e+02  -9.392373e+00 -1.493916e+01
3.783333e+02  -1.188223e+01 -1.462608e+01
3.786667e+02  -1.431991e+01 -1.423000e+01
3.790000e+02  -1.669158e+01 -1.375267e+01
3.793333e+02  -1.898369e+01 -1.319629e+01
3.796667e+02  -2.118307e+01 -1.256350e+01
3.800000e+02  -2.327699e+01 -1.185739e+01
3.803333e+02  -2.525322e+01 -1.108149e+01
3.806667e+02  -2.710014e+01 -1.023972e+01
3.810000e+02  -2.880676e+01 -9.336382e+00
3.813333e+02  -3.036282e+01 -8.376157e+00
3.816667e+02  -3.175885e+01 -7.364063e+00
3.820000e+02  -3.298619e+01 -6.305435e+00
3.823333e+02  -3.403710e+01 -5.205895e+00
3.826667e+02  -3.490474e+01 -4.071325e+00
3.830000e+02  -3.558330e+01 -2.907834e+00
3.833333e+02  -3.606794e+01 -1.721724e+00
3.836667e+02  -3.635489e+01 -5.194595e-01
3.840000e+02  -3.644147e+01 6.923703e-01
3.843333e+02  -3.632607e+01 1.907086e+00
3.846667e+02  -3.600823e+01 3.117955e+00
3.850000e+02  -3.548857e+01 4.318229e+00
3.853333e+02  -3.476886e+01 5.501181e+00
3.856667e+02  -3.385200e+01 6.660143e+00
3.860000e+02  -3.274197e+01 7.788543e+00
3.863333e+02  -3.144388e+01 8.879942e+00
3.866667e+02  -2.996389e+01 9.928072e+00
3.870000e+02  -2.830921e+01 1.092687e+01
3.873333e+02  -2.648807e+01 1.187051e+01
3.876667e+02  -2.450965e+01 1.275344e+01
3.880000e+02  -2.238408e+01 1.357043e+01
3.883333e+02  -2.012234e+01 1.431657e+01
3.886667e+02  -1.773624e+01 1.498731e+01
3.890000e+02  -1.523836e+01 1.557852e+01
3.893333e+02  -1.264194e+01 1.608647e+01
3.896667e+02  -9.960860e+00 1.650786e+01
3.900000e+02  -7.209549e+00 1.683989e+01
3.903333e+02  -4.402901e+00 1.708021e+01
3.906667e+02  -1.556199e+00 1.722698e+01
3.910000e+02  1.314964e+00 1.727885e+01
3.913333e+02  4.194772e+00 1.723502e+01
3.916667e+02  7.067275e+00 1.709519e+01
3.920000e+02  9.916473e+00 1.685961e+01
3.923333e+02  1.272641e+01 1.652907e+01
3.926667e+02  1.548125e+01 1.610485e+01
3.930000e+02  1.816540e+01 1.558881e+01
3.933333e+02  2.076353e+01 1.498330e+01
3.936667e+02  2.326075e+01 1.429118e+01
3.940000e+02  2.564261e+01 1.351582e+01
3.943333e+02  2.789525e+01 1.266107e+01
3.946667e+02  3.000542e+01 1.173123e+01
3.950000e+02  3.196063e+01 1.073105e+01
3.953333e+02  3.374914e+01 9.665691e+00
3.956667e+02  3.536008e+01 8.540720e+00
3.960000e+02  3.678354e+01 7.362050e+00
3.963333e+02  3.801055e+01 6.135932e+00
3.966667e+02  3.903320e+01 4.868914e+00
3.970000e+02  3.984469e+01 3.567807e+00
3.973333e+02  4.043932e+01 2.239651e+00
3.976667e+02  4.081260e+01 8.916736e-01
3.980000e+02  4.096121e+01 -4.687463e-01
3.983333e+02  4.088308e+01 -1.834120e+00
3.986667e+02  4.057740e+01 -3.196889e+00
3.990000e+02  4.004458e+01 -4.549469e+00
3.993333e+02  3.928634e+01 -5.884289e+00
3.996667e+02  3.830562e+01 -7.193833e+00
4.000000e+02  3.710665e+01 -8.470688e+00
4.003333e+02  3.569487e+01 -9.707576e+00
4.006667e+02  3.407694e+01 -1.089740e+01
4.010000e+02  3.226071e+01 -1.203330e+01
4.013333e+02  3.025516e+01 -1.310866e+01
4.016667e+02  2.807038e+01 -1.411717e+01
4.020000e+02  2.571752e+01 -1.505284e+01
4.023333e+02  2.320871e+01 -1.591010e+01
4.026667e+02  2.055703e+01 -1.668372e+01
4.030000e+02  1.777641e+01 -1.736895e+01
4.033333e+02  1.488158e+01 -1.796150e+01
4.036667e+02  1.188800e+01 -1.845755e+01
4.040000e+02  8.811741e+00 -1.885382e+01
4.043333e+02  5.669438e+00 -1.914754e+01
4.046667e+02  2.478181e+00 -1.933653e+01
4.050000e+02  -7.445734e-01 -1.941913e+01
4.053333e+02  -3.981095e+00 -1.939431e+01
4.056667e+02  -7.213481e+00 -1.926161e+01
4.060000e+02  -1.042375e+01 -1.902116e+01
4.063333e+02  -1.359394e+01 -1.867370e+01
4.066667e+02  -1.670623e+01 -1.822057e+01
4.070000e+02  -1.974299e+01 -1.766370e+01
4.073333e+02  -2.268694e+01 -1.700560e+01
4.076667e+02  -2.552120e+01 -1.624937e+01
4.080000e+02  -2.822943e+01 -1.539866e+01
4.083333e+02  -3.079587e+01 -1.445768e+01
4.086667e+02  -3.320549e+01 -1.343115e+01
4.090000e+02  -3.544401e+01 -1.232430e+01
4.093333e+02  -3.749806e+01 -1.114283e+01
4.096667e+02  -3.935520e+01 -9.892896e+00
4.100000e+02  -4.100402e+01 -8.581056e+00
4.103333e+02  -4.243419e+01 -7.214256e+00
4.106667e+02  -4.363657e+01 -5.799783e+00
4.110000e+02  -4.460320e+01 -4.345230e+00
4.113333e+02  -4.532740e+01 -2.858457e+00
4.116667e+02  -4.580381e+01 -1.347544e+00
4.120000e+02  -4.602840e+01 1.792500e-01
4.123333e+02  -4.599853e+01 1.713530e+00
4.126667e+02  -4.571294e+01 3.246814e+00
4.130000e+02  -4.517180e+01 4.770579e+00
4.133333e+02  -4.437671e+01 6.276306e+00
4.136667e+02  -4.333066e+01 7.755529e+00
4.140000e+02  -4.203807e+01 9.199885e+00
4.143333e+02  -4.050475e+01 1.060115e+01
4.146667e+02  -3.873790e+01 1.195131e+01
4.150000e+02  -3.674601e+01 1.324258e+01
4.153333e+02  -3.453891e+01 1.446744e+01
4.156667e+02  -3.212767e+01 1.561874e+01
4.160000e+02  -2.952455e+01 1.668966e+01
4.163333e+02  -2.674294e+01 1.767381e+01
4.166667e+02  -2.379730e+01 1.856524e+01
4.170000e+02  -2.070310e+01 1.935849e+01
4.173333e+02  -1.747668e+01 2.004859e+01
4.176667e+02  -1.413525e+01 2.063115e+01
4.180000e+02  -1.069673e+01 2.110232e+01
4.183333e+02  -7.179672e+00 2.145888e+01
4.186667e+02  -3.603192e+00 2.169820e+01
4.190000e+02  1.317499e-02 2.181831e+01
4.193333e+02  3.649560e+00 2.181787e+01
4.196667e+02  7.285871e+00 2.169622e+01
4.200000e+02  1.090191e+01 2.145336e+01
4.203333e+02  1.447747e+01 2.108996e+01
4.206667e+02  1.799246e+01 2.060738e+01
4.210000e+02  2.142702e+01 2.000763e+01
4.213333e+02  2.476163e+01 1.929339e+01
4.216667e+02  2.797719e+01 1.846801e+01
4.220000e+02  3.105519e+01 1.753543e+01
4.223333e+02  3.397777e+01 1.650026e+01
4.226667e+02  3.672781e+01 1.536767e+01
4.230000e+02  3.928909e+01 1.414341e+01
4.233333e+02  4.164632e+01 1.283377e+01
4.236667e+02  4.378528e+01 1.144556e+01
4.240000e+02  4.569288e+01 9.986051e+00
4.243333e+02  4.735722e+01 8.462955e+00
4.246667e+02  4.876771e+01 6.884381e+00
4.250000e+02  4.991511e+01 5.258791e+00
4.253333e+02  5.079157e+01 3.594954e+00
4.256667e+02  5.139073e+01 1.901901e+00
4.260000e+02  5.170772e+01 1.888767e-01
4.263333e+02  5.173920e+01 -1.534714e+00
4.266667e+02  5.148341e+01 -3.259354e+00
4.270000e+02  5.094018e+01 -4.975467e+00
4.273333e+02  5.011094e+01 -6.673473e+00
4.276667e+02  4.899869e+01 -8.343838e+00
4.280000e+02  4.760805e+01 -9.977128e+00
4.283333e+02  4.594520e+01 -1.156406e+01
4.286667e+02  4.401786e+01 -1.309557e+01
4.290000e+02  4.183526e+01 -1.456283e+01
4.293333e+02  3.940812e+01 -1.595734e+01
4.296667e+02  3.674857e+01 -1.727094e+01
4.300000e+02  3.387007e+01 -1.849590e+01
4.303333e+02  3.078743e+01 -1.962490e+01
4.306667e+02  2.751661e+01 -2.065115e+01
4.310000e+02  2.407475e+01 -2.156837e+01
4.313333e+02  2.048002e+01 -2.237086e+01
4.316667e+02  1.675155e+01 -2.305353e+01
4.320000e+02  1.290929e+01 -2.361191e+01
4.323333e+02  8.973974e+00 -2.404222e+01
4.326667e+02  4.966937e+00 -2.434135e+01
4.330000e+02  9.100452e-01 -2.450692e+01
4.333333e+02  -3.174441e+00 -2.453725e+01
4.336667e+02  -7.263983e+00 -2.443144e+01
4.340000e+02  -1.133589e+01 -2.418930e+01
4.343333e+02  -1.536744e+01 -2.381144e+01
4.346667e+02  -1.933601e+01 -2.329919e+01
4.350000e+02  -2.321921e+01 -2.265466e+01
4.353333e+02  -2.699499e+01 -2.188069e+01
4.356667e+02  -3.064177e+01 -2.098085e+01
4.360000e+02  -3.413858e+01 -1.995946e+01
4.363333e+02  -3.746516e+01 -1.882151e+01
4.366667e+02  -4.060207e+01 -1.757267e+01
4.370000e+02  -4.353085e+01 -1.621927e+01
4.373333e+02  -4.623406e+01 -1.476824e+01
4.376667e+02  -4.869544e+01 -1.322710e+01
4.380000e+02  -5.089995e+01 -1.160392e+01
4.383333e+02  -5.283394e+01 -9.907257e+00
4.386667e+02  -5.448515e+01 -8.146126e+00
4.390000e+02  -5.584284e+01 -6.329954e+00
4.393333e+02  -5.689783e+01 -4.468526e+00
4.396667e+02  -5.764259e+01 -2.571932e+00
4.400000e+02  -5.807124e+01 -6.505122e-01
4.403333e+02  -5.817966e+01 1.285196e+00
4.406667e+02  -5.796546e+01 3.224518e+00
4.410000e+02  -5.742804e+01 5.156700e+00
4.413333e+02  -5.656859e+01 7.070968e+00
4.416667e+02  -5.539010e+01 8.956588e+00
4.420000e+02  -5.389733e+01 1.080292e+01
4.423333e+02  -5.209684e+01 1.259950e+01
4.426667e+02  -4.999693e+01 1.433606e+01
4.430000e+02  -4.760758e+01 1.600263e+01
4.433333e+02  -4.494048e+01 1.758955e+01
4.436667e+02  -4.200889e+01 1.908756e+01
4.440000e+02  -3.882763e+01 2.048786e+01
4.443333e+02  -3.541298e+01 2.178211e+01
4.446667e+02  -3.178263e+01 2.296255e+01
4.450000e+02  -2.795554e+01 2.402197e+01
4.453333e+02  -2.395188e+01 2.495382e+01
4.456667e+02  -1.979291e+01 2.575221e+01
4.460000e+02  -1.550087e+01 2.641198e+01
4.463333e+02  -1.109888e+01 2.692867e+01
4.466667e+02  -6.610765e+00 2.729864e+01
4.470000e+02  -2.060992e+00 2.751900e+01
4.473333e+02  2.525507e+00 2.758770e+01
4.476667e+02  7.123456e+00 2.750351e+01
4.480000e+02  1.170737e+01 2.726606e+01
4.483333e+02  1.625172e+01 2.687582e+01
4.486667e+02  2.073102e+01 2.633409e+01
4.490000e+02  2.512004e+01 2.564306e+01
4.493333e+02  2.939388e+01 2.480572e+01
4.496667e+02  3.352817e+01 2.382593e+01
4.500000e+02  3.749916e+01 2.270832e+01
4.503333e+02  4.128388e+01 2.145835e+01
4.506667e+02  4.486027e+01 2.008222e+01
4.510000e+02  4.820730e+01 1.858688e+01
4.513333e+02  5.130512e+01 1.697997e+01
4.516667e+02  5.413511e+01 1.526980e+01
4.520000e+02  5.668008e+01 1.346530e+01
4.523333e+02  5.892430e+01 1.157596e+01
4.526667e+02  6.085362e+01 9.611816e+00
4.530000e+02  6.245559e+01 7.583362e+00
4.533333e+02  6.371948e+01 5.501509e+00
4.536667e+02  6.463640e+01 3.377526e+00
4.540000e+02  6.519932e+01 1.222979e+00
4.543333e+02  6.540315e+01 -9.503315e-01
4.546667e+02  6.524477e+01 -3.130437e+00
4.550000e+02  6.472303e+01 -5.305262e+00
4.553333e+02  6.383882e+01 -7.462696e+00
4.556667e+02  6.259503e+01 -9.590657e+00
4.560000e+02  6.099659e+01 -1.167716e+01
4.563333e+02  5.905040e+01 -1.371038e+01
4.566667e+02  5.676533e+01 -1.567872e+01
4.570000e+02  5.415221e+01 -1.757090e+01
4.573333e+02  5.122373e+01 -1.937598e+01
4.576667e+02  4.799440e+01 -2.108343e+01
4.580000e+02  4.448049e+01 -2.268325e+01
4.583333e+02  4.069995e+01 -2.416593e+01
4.586667e+02  3.667230e+01 -2.552260e+01
4.590000e+02  3.241853e+01 -2.674501e+01
4.593333e+02  2.796103e+01 -2.782562e+01
4.596667e+02  2.332343e+01 -2.875766e+01
4.600000e+02  1.853049e+01 -2.953510e+01
4.603333e+02  1.360797e+01 -3.015279e+01
4.606667e+02  8.582503e+00 -3.060639e+01
4.610000e+02  3.481439e+00 -3.089247e+01
4.613333e+02  -1.667306e+00 -3.100852e+01
4.616667e+02  -6.835392e+00 -3.095294e+01
4.620000e+02  -1.199422e+01 -3.072509e+01
4.623333e+02  -1.711507e+01 -3.032529e+01
4.626667e+02  -2.216928e+01 -2.975479e+01
4.630000e+02  -2.712841e+01 -2.901581e+01
4.633333e+02  -3.196438e+01 -2.811153e+01
4.636667e+02  -3.664963e+01 -2.704605e+01
4.640000e+02  -4.115731e+01 -2.582440e+01
4.643333e+02  -4.546137e+01 -2.445248e+01
4.646667e+02  -4.953679e+01 -2.293711e+01
4.650000e+02  -5.335964e+01 -2.128588e+01
4.653333e+02  -5.690729e+01 -1.950722e+01
4.656667e+02  -6.015849e+01 -1.761032e+01
4.660000e+02  -6.309354e+01 -1.560503e+01
4.663333e+02  -6.569438e+01 -1.350191e+01
4.666667e+02  -6.794470e+01 -1.131210e+01
4.670000e+02  -6.983005e+01 -9.047278e+00
4.673333e+02  -7.133793e+01 -6.719610e+00
4.676667e+02  -7.245787e+01 -4.341679e+00
4.680000e+02  -7.318148e+01 -1.926417e+00
4.683333e+02  -7.350255e+01 5.129661e-01
4.686667e+02  -7.341705e+01 2.963051e+00
4.690000e+02  -7.292321e+01 5.410286e+00
4.693333e+02  -7.202150e+01 7.841060e+00
4.696667e+02  -7.071465e+01 1.024178e+01
4.700000e+02  -6.900769e+01 1.259893e+01
4.703333e+02  -6.690787e+01 1.489919e+01
4.706667e+02  -6.442467e+01 1.712945e+01
4.710000e+02  -6.156976e+01 1.927694e+01
4.713333e+02  -5.835694e+01 2.132926e+01
4.716667e+02  -5.480206e+01 2.327450e+01
4.720000e+02  -5.092298e+01 2.510123e+01
4.723333e+02  -4.673944e+01 2.679866e+01
4.726667e+02  -4.227300e+01 2.835665e+01
4.730000e+02  -3.754689e+01 2.976575e+01
4.733333e+02  -3.258593e+01 3.101731e+01
4.736667e+02  -2.741638e+01 3.210351e+01
4.740000e+02  -2.206580e+01 3.301739e+01
4.743333e+02  -1.656290e+01 3.375291e+01
4.746667e+02  -1.093741e+01 3.430501e+01
4.750000e+02  -5.219912e+00 3.466959e+01
4.753333e+02  5.583530e-01 3.484359e+01
4.756667e+02  6.365617e+00 3.482497e+01
4.760000e+02  1.216978e+01 3.461279e+01
4.763333e+02  1.793858e+01 3.420713e+01
4.766667e+02  2.363977e+01 3.360918e+01
4.770000e+02  2.924129e+01 3.282118e+01
4.773333e+02  3.471149e+01 3.184647e+01
4.776667e+02  4.001924e+01 3.068942e+01
4.780000e+02  4.513414e+01 2.935545e+01
4.783333e+02  5.002672e+01 2.785098e+01
4.786667e+02  5.466855e+01 2.618342e+01
4.790000e+02  5.903245e+01 2.436114e+01
4.793333e+02  6.309264e+01 2.239339e+01
4.796667e+02  6.682487e+01 2.029030e+01
4.800000e+02  7.020659e+01 1.806280e+01
4.803333e+02  7.321705e+01 1.572258e+01
4.806667e+02  7.583748e+01 1.328202e+01
4.810000e+02  7.805115e+01 1.075410e+01
4.813333e+02  7.984350e+01 8.152394e+00
4.816667e+02  8.120224e+01 5.490944e+00
4.820000e+02  8.211739e+01 2.784203e+00
4.823333e+02  8.258143e+01 4.695660e-02
4.826667e+02  8.258925e+01 -2.705758e+00
4.830000e+02  8.213829e+01 -5.458733e+00
4.833333e+02  8.122850e+01 -8.196676e+00
4.836667e+02  7.986239e+01 -1.090429e+01
4.840000e+02  7.804501e+01 -1.356637e+01
4.843333e+02  7.578395e+01 -1.616787e+01
4.846667e+02  7.308930e+01 -1.869400e+01
4.850000e+02  6.997364e+01 -2.113031e+01
4.853333e+02  6.645192e+01 -2.346277e+01
4.856667e+02  6.254145e+01 -2.567783e+01
4.860000e+02  5.826182e+01 -2.776255e+01
4.863333e+02  5.363472e+01 -2.970461e+01
4.866667e+02  4.868396e+01 -3.149243e+01
4.870000e+02  4.343522e+01 -3.311523e+01
4.873333e+02  3.791601e+01 -3.456307e+01
4.876667e+02  3.215550e+01 -3.582694e+01
4.880000e+02  2.618434e+01 -3.689879e+01
4.883333e+02  2.003455e+01 -3.777160e+01
4.886667e+02  1.373928e+01 -3.843942e+01
4.890000e+02  7.332709e+00 -3.889739e+01
4.893333e+02  8.498102e-01 -3.914182e+01
4.896667e+02  -5.673826e+00 -3.917015e+01
4.900000e+02  -1.220218e+01 -3.898102e+01
4.903333e+02  -1.869902e+01 -3.857428e+01
4.906667e+02  -2.512807e+01 -3.795098e+01
4.910000e+02  -3.145323e+01 -3.711338e+01
4.913333e+02  -3.763879e+01 -3.606493e+01
4.916667e+02  -4.364961e+01 -3.481031e+01
4.920000e+02  -4.945133e+01 -3.335532e+01
4.923333e+02  -5.501055e+01 -3.170694e+01
4.926667e+02  -6.029504e+01 -2.987326e+01
4.930000e+02  -6.527392e+01 -2.786342e+01
4.933333e+02  -6.991782e+01 -2.568763e+01
4.936667e+02  -7.419909e+01 -2.335703e+01
4.940000e+02  -7.809193e+01 -2.088373e+01
4.943333e+02  -8.157255e+01 -1.828066e+01
4.946667e+02  -8.461933e+01 -1.556158e+01
4.950000e+02  -8.721293e+01 -1.274093e+01
4.953333e+02  -8.933642e+01 -9.833837e+00
4.956667e+02  -9.097539e+01 -6.855957e+00
4.960000e+02  -9.211805e+01 -3.823444e+00
4.963333e+02  -9.275529e+01 -7.528419e-01
4.966667e+02  -9.288076e+01 2.339001e+00
4.970000e+02  -9.249093e+01 5.435027e+00
4.973333e+02  -9.158509e+01 8.518058e+00
4.976667e+02  -9.016542e+01 1.157089e+01
4.980000e+02  -8.823693e+01 1.457641e+01
4.983333e+02  -8.580753e+01 1.751764e+01
4.986667e+02  -8.288793e+01 2.037789e+01
4.990000e+02  -7.949161e+01 2.314082e+01
4.993333e+02  -7.563481e+01 2.579054e+01
4.996667e+02  -7.133638e+01 2.831170e+01