
0.000000e+00  1.000000e+00 5.000000e-01
3.333333e-01  1.080556e+00 4.653241e-01
6.666667e-01  1.155108e+00 4.280630e-01
1.000000e+00  1.223243e+00 3.884238e-01
1.333333e+00  1.284583e+00 3.466267e-01
1.666667e+00  1.338785e+00 3.029039e-01
2.000000e+00  1.385551e+00 2.574983e-01
2.333333e+00  1.424618e+00 2.106622e-01
2.666667e+00  1.455771e+00 1.626557e-01
3.000000e+00  1.478837e+00 1.137455e-01
3.333333e+00  1.493687e+00 6.420349e-02
3.666667e+00  1.500238e+00 1.430475e-02
4.000000e+00  1.498455e+00 -3.567346e-02
4.333333e+00  1.488347e+00 -8.545349e-02
4.666667e+00  1.469970e+00 -1.347588e-01
5.000000e+00  1.443427e+00 -1.833154e-01
5.333333e+00  1.408865e+00 -2.308536e-01
5.666667e+00  1.366476e+00 -2.771093e-01
6.000000e+00  1.316495e+00 -3.218255e-01
6.333333e+00  1.259201e+00 -3.647537e-01
6.666667e+00  1.194911e+00 -4.056556e-01
7.000000e+00  1.123982e+00 -4.443038e-01
7.333333e+00  1.046810e+00 -4.804837e-01
7.666667e+00  9.638211e-01 -5.139942e-01
8.000000e+00  8.754781e-01 -5.446492e-01
8.333333e+00  7.822714e-01 -5.722783e-01
8.666667e+00  6.847187e-01 -5.967282e-01
9.000000e+00  5.833620e-01 -6.178629e-01
9.333333e+00  4.787644e-01 -6.355650e-01
9.666667e+00  3.715070e-01 -6.497362e-01
1.000000e+01  2.621857e-01 -6.602977e-01
1.033333e+01  1.514078e-01 -6.671909e-01
1.066667e+01  3.978869e-02 -6.703775e-01
1.100000e+01  -7.205142e-02 -6.698398e-01
1.133333e+01  -1.834912e-01 -6.655808e-01
1.166667e+01  -2.939117e-01 -6.576241e-01
1.200000e+01  -4.026993e-01 -6.460139e-01
1.233333e+01  -5.092496e-01 -6.308147e-01
1.266667e+01  -6.129708e-01 -6.121111e-01
1.300000e+01  -7.132867e-01 -5.900068e-01
1.333333e+01  -8.096398e-01 -5.646247e-01
1.366667e+01  -9.014949e-01 -5.361057e-01
1.400000e+01  -9.883417e-01 -5.046085e-01
1.433333e+01  -1.069698e+00 -4.703078e-01
1.466667e+01  -1.145111e+00 -4.333943e-01
1.500000e+01  -1.214162e+00 -3.940731e-01
1.533333e+01  -1.276469e+00 -3.525626e-01
1.566667e+01  -1.331683e+00 -3.090934e-01
1.600000e+01  -1.379500e+00 -2.639070e-01
1.633333e+01  -1.419652e+00 -2.172545e-01
1.666667e+01  -1.451918e+00 -1.693950e-01
1.700000e+01  -1.476117e+00 -1.205944e-01
1.733333e+01  -1.492116e+00 -7.112382e-02
1.766667e+01  -1.499825e+00 -2.125813e-02
1.800000e+01  -1.499202e+00 2.872566e-02
1.833333e+01  -1.490250e+00 7.854986e-02
1.866667e+01  -1.473019e+00 1.279377e-01
1.900000e+01  -1.447604e+00 1.766147e-01
1.933333e+01  -1.414147e+00 2.243106e-01
1.966667e+01  -1.372834e+00 2.707603e-01
2.000000e+01  -1.323894e+00 3.157057e-01
2.033333e+01  -1.267599e+00 3.588973e-01
2.066667e+01  -1.204261e+00 4.000949e-01
2.100000e+01  -1.134234e+00 4.390699e-01
2.133333e+01  -1.057905e+00 4.756055e-01
2.166667e+01  -9.756986e-01 5.094989e-01
2.200000e+01  -8.880718e-01 5.405617e-01
2.233333e+01  -7.955113e-01 5.686215e-01
2.266667e+01  -6.985313e-01 5.935222e-01
2.300000e+01  -5.976706e-01 6.151255e-01
2.333333e+01  -4.934895e-01 6.333115e-01
2.366667e+01  -3.865668e-01 6.479791e-01
2.400000e+01  -2.774964e-01 6.590469e-01
2.433333e+01  -1.668845e-01 6.664532e-01
2.466667e+01  -5.534538e-02 6.701570e-01
2.500000e+01  5.650120e-02 6.701378e-01
2.533333e+01  1.680339e-01 6.663955e-01
2.566667e+01  2.786330e-01 6.589511e-01
2.600000e+01  3.876842e-01 6.478458e-01
2.633333e+01  4.945816e-01 6.331414e-01
2.666667e+01  5.987314e-01 6.149195e-01
2.700000e+01  6.995548e-01 5.932814e-01
2.733333e+01  7.964918e-01 5.683473e-01
2.766667e+01  8.890039e-01 5.402557e-01
2.800000e+01  9.765770e-01 5.091626e-01
2.833333e+01  1.058725e+00 4.752410e-01
2.866667e+01  1.134991e+00 4.386790e-01
2.900000e+01  1.204951e+00 3.996800e-01
2.933333e+01  1.268217e+00 3.584605e-01
2.966667e+01  1.324438e+00 3.152496e-01
3.000000e+01  1.373301e+00 2.702873e-01
3.033333e+01  1.414534e+00 2.238234e-01
3.066667e+01  1.447908e+00 1.761160e-01
3.100000e+01  1.473239e+00 1.274302e-01
3.133333e+01  1.490385e+00 7.803650e-02
3.166667e+01  1.499251e+00 2.820922e-02
3.200000e+01  1.499788e+00 -2.177476e-02
3.233333e+01  1.491993e+00 -7.163778e-02
3.266667e+01  1.475909e+00 -1.211028e-01
3.300000e+01  1.451625e+00 -1.698951e-01
3.333333e+01  1.419277e+00 -2.177434e-01
3.366667e+01  1.379044e+00 -2.643821e-01
3.400000e+01  1.331150e+00 -3.095520e-01
3.433333e+01  1.275860e+00 -3.530022e-01
3.466667e+01  1.213482e+00 -3.944912e-01
3.500000e+01  1.144363e+00 -4.337887e-01
3.533333e+01  1.068886e+00 -4.706761e-01
3.566667e+01  9.874711e-01 -5.049488e-01
3.600000e+01  9.005700e-01 -5.364161e-01
3.633333e+01  8.086657e-01 -5.649034e-01
3.666667e+01  7.122688e-01 -5.902523e-01
3.700000e+01  6.119149e-01 -6.123220e-01
3.733333e+01  5.081615e-01 -6.309900e-01
3.766667e+01  4.015850e-01 -6.461524e-01
3.800000e+01  2.927774e-01 -6.577251e-01
3.833333e+01  1.823433e-01 -6.656438e-01
3.866667e+01  7.089611e-02 -6.698644e-01
3.900000e+01  -4.094490e-02 -6.703636e-01
3.933333e+01  -1.525584e-01 -6.671386e-01
3.966667e+01  -2.633244e-01 -6.602072e-01
4.000000e+01  -3.726275e-01 -6.496080e-01
4.033333e+01  -4.798604e-01 -6.353999e-01
4.066667e+01  -5.844274e-01 -6.176617e-01
4.100000e+01  -6.857477e-01 -5.964921e-01
4.133333e+01  -7.832582e-01 -5.720087e-01
4.166667e+01  -8.764172e-01 -5.443475e-01
4.200000e+01  -9.647073e-01 -5.136620e-01
4.233333e+01  -1.047638e+00 -4.801230e-01
4.266667e+01  -1.124748e+00 -4.439165e-01
4.300000e+01  -1.195610e+00 -4.052439e-01
4.333333e+01  -1.259830e+00 -3.643199e-01
4.366667e+01  -1.317050e+00 -3.213719e-01
4.400000e+01  -1.366954e+00 -2.766385e-01
4.433333e+01  -1.409263e+00 -2.303682e-01
4.466667e+01  -1.443743e+00 -1.828181e-01
4.500000e+01  -1.470202e+00 -1.342524e-01
4.533333e+01  -1.488494e+00 -8.494078e-02
4.566667e+01  -1.498516e+00 -3.515728e-02
4.600000e+01  -1.500213e+00 1.482153e-02
4.633333e+01  -1.493575e+00 6.471800e-02
4.666667e+01  -1.478640e+00 1.142549e-01
4.700000e+01  -1.455490e+00 1.631571e-01
4.733333e+01  -1.424254e+00 2.111528e-01
4.766667e+01  -1.385106e+00 2.579755e-01
4.800000e+01  -1.338263e+00 3.033650e-01
4.833333e+01  -1.283984e+00 3.470691e-01
4.866667e+01  -1.222573e+00 3.888451e-01
4.900000e+01  -1.154369e+00 4.284608e-01
4.933333e+01  -1.079753e+00 4.656962e-01
4.966667e+01  -9.991373e-01 5.003443e-01
5.000000e+01  -9.129712e-01 5.322128e-01
5.033333e+01  -8.217331e-01 5.611245e-01
5.066667e+01  -7.259297e-01 5.869189e-01
5.100000e+01  -6.260934e-01 6.094526e-01
5.133333e+01  -5.227789e-01 6.286005e-01
5.166667e+01  -4.165599e-01 6.442561e-01
5.200000e+01  -3.080268e-01 6.563326e-01
5.233333e+01  -1.977824e-01 6.647627e-01
5.266667e+01  -8.643922e-02 6.694998e-01
5.300000e+01  2.538419e-02 6.705174e-01
5.333333e+01  1.370666e-01 6.678098e-01
5.366667e+01  2.479875e-01 6.613923e-01
5.400000e+01  3.575307e-01 6.513003e-01
5.433333e+01  4.650876e-01 6.375900e-01
5.466667e+01  5.700607e-01 6.203375e-01
5.500000e+01  6.718668e-01 5.996387e-01
5.533333e+01  7.699402e-01 5.756086e-01
5.566667e+01  8.637363e-01 5.483807e-01
5.600000e+01  9.527338e-01 5.181062e-01
5.633333e+01  1.036438e+00 4.849533e-01
5.666667e+01  1.114385e+00 4.491063e-01
5.700000e+01  1.186140e+00 4.107642e-01
5.733333e+01  1.251306e+00 3.701401e-01
5.766667e+01  1.309520e+00 3.274596e-01
5.800000e+01  1.360460e+00 2.829599e-01
5.833333e+01  1.403840e+00 2.368883e-01
5.866667e+01  1.439422e+00 1.895006e-01
5.900000e+01  1.467007e+00 1.410601e-01
5.933333e+01  1.486442e+00 9.183592e-02
5.966667e+01  1.497619e+00 4.210156e-02
6.000000e+01  1.500476e+00 -7.866700e-03
6.033333e+01  1.494997e+00 -5.779125e-02
6.066667e+01  1.481212e+00 -1.073947e-01
6.100000e+01  1.459199e+00 -1.564016e-01
6.133333e+01  1.429079e+00 -2.045396e-01
6.166667e+01  1.391019e+00 -2.515412e-01
6.200000e+01  1.345231e+00 -2.971454e-01
6.233333e+01  1.291970e+00 -3.410987e-01
6.266667e+01  1.231532e+00 -3.831571e-01
6.300000e+01  1.164251e+00 -4.230868e-01
6.333333e+01  1.090503e+00 -4.606661e-01
6.366667e+01  1.010696e+00 -4.956860e-01
6.400000e+01  9.252743e-01 -5.279522e-01
6.433333e+01  8.347120e-01 -5.572853e-01
6.466667e+01  7.395125e-01 -5.835224e-01
6.500000e+01  6.402046e-01 -6.065177e-01
6.533333e+01  5.373400e-01 -6.261434e-01
6.566667e+01  4.314901e-01 -6.422906e-01
6.600000e+01  3.232431e-01 -6.548695e-01
6.633333e+01  2.132003e-01 -6.638102e-01
6.666667e+01  1.019730e-01 -6.690631e-01
6.700000e+01  -9.820748e-03 -6.705990e-01
6.733333e+01  -1.215600e-01 -6.684093e-01
6.766667e+01  -2.326238e-01 -6.625062e-01
6.800000e+01  -3.423954e-01 -6.529226e-01
6.833333e+01  -4.502647e-01 -6.397116e-01
6.866667e+01  -5.556326e-01 -6.229466e-01
6.900000e+01  -6.579136e-01 -6.027208e-01
6.933333e+01  -7.565395e-01 -5.791466e-01
6.966667e+01  -8.509624e-01 -5.523549e-01
7.000000e+01  -9.406578e-01 -5.224946e-01
7.033333e+01  -1.025127e+00 -4.897315e-01
7.066667e+01  -1.103902e+00 -4.542477e-01
7.100000e+01  -1.176543e+00 -4.162403e-01
7.133333e+01  -1.242648e+00 -3.759204e-01
7.166667e+01  -1.301850e+00 -3.335121e-01
7.200000e+01  -1.353819e+00 -2.892510e-01
7.233333e+01  -1.398267e+00 -2.433828e-01
7.266667e+01  -1.434947e+00 -1.961626e-01
7.300000e+01  -1.463655e+00 -1.478526e-01
7.333333e+01  -1.484231e+00 -9.872118e-02
7.366667e+01  -1.496562e+00 -4.904130e-02
7.400000e+01  -1.500578e+00 9.110238e-04
7.433333e+01  -1.496258e+00 5.085829e-02
7.466667e+01  -1.483625e+00 1.005230e-01
7.500000e+01  -1.462750e+00 1.496293e-01
7.533333e+01  -1.433749e+00 1.979043e-01
7.566667e+01  -1.396782e+00 2.450798e-01
7.600000e+01  -1.352056e+00 2.908937e-01
7.633333e+01  -1.299818e+00 3.350916e-01
7.666667e+01  -1.240358e+00 3.774279e-01
7.700000e+01  -1.174008e+00 4.176673e-01
7.733333e+01  -1.101136e+00 4.555864e-01
7.766667e+01  -1.022146e+00 4.909744e-01
7.800000e+01  -9.374778e-01 5.236348e-01
7.833333e+01  -8.476012e-01 5.533861e-01
7.866667e+01  -7.530157e-01 5.800631e-01
7.900000e+01  -6.542468e-01 6.035175e-01
7.933333e+01  -5.518432e-01 6.236190e-01
7.966667e+01  -4.463739e-01 6.402559e-01
8.000000e+01  -3.384246e-01 6.533359e-01
8.033333e+01  -2.285952e-01 6.627862e-01
8.066667e+01  -1.174959e-01 6.685544e-01
8.100000e+01  -5.743748e-03 6.706084e-01
8.133333e+01  1.060403e-01 6.689368e-01
8.166667e+01  2.172352e-01 6.635489e-01
8.200000e+01  3.272232e-01 6.544746e-01
8.233333e+01  4.353934e-01 6.417643e-01
8.266667e+01  5.411447e-01 6.254887e-01
8.300000e+01  6.438896e-01 6.057381e-01
8.333333e+01  7.430574e-01 5.826223e-01
8.366667e+01  8.380970e-01 5.562697e-01
8.400000e+01  9.284806e-01 5.268268e-01
8.433333e+01  1.013706e+00 4.944570e-01
8.466667e+01  1.093300e+00 4.593402e-01
8.500000e+01  1.166819e+00 4.216716e-01
8.533333e+01  1.233857e+00 3.816603e-01
8.566667e+01  1.294039e+00 3.395287e-01
8.600000e+01  1.347033e+00 2.955108e-01
8.633333e+01  1.392543e+00 2.498512e-01
8.666667e+01  1.430317e+00 2.028036e-01
8.700000e+01  1.460144e+00 1.546292e-01
8.733333e+01  1.481860e+00 1.055958e-01
8.766667e+01  1.495343e+00 5.597577e-02
8.800000e+01  1.500518e+00 6.044750e-03
8.833333e+01  1.497358e+00 -4.391985e-02
8.866667e+01  1.485878e+00 -9.364046e-02
8.900000e+01  1.466144e+00 -1.428408e-01
8.933333e+01  1.438265e+00 -1.912477e-01
8.966667e+01  1.402395e+00 -2.385920e-01
9.000000e+01  1.358734e+00 -2.846108e-01
9.033333e+01  1.307525e+00 -3.290485e-01
9.066667e+01  1.249051e+00 -3.716581e-01
9.100000e+01  1.183639e+00 -4.122029e-01
9.133333e+01  1.111650e+00 -4.504577e-01
9.166667e+01  1.033486e+00 -4.862100e-01
9.200000e+01  9.495804e-01 -5.192611e-01
9.233333e+01  8.603992e-01 -5.494274e-01
9.266667e+01  7.664379e-01 -5.765414e-01
9.300000e+01  6.682187e-01 -6.004523e-01
9.333333e+01  5.662872e-01 -6.210274e-01
9.366667e+01  4.612096e-01 -6.381524e-01
9.400000e+01  3.535697e-01 -6.517320e-01
9.433333e+01  2.439656e-01 -6.616910e-01
9.466667e+01  1.330061e-01 -6.679738e-01
9.500000e+01  2.130763e-02 -6.705457e-01
9.533333e+01  -9.050918e-02 -6.693923e-01
9.566667e+01  -2.018232e-01 -6.645201e-01
9.600000e+01  -3.120159e-01 -6.559562e-01
9.633333e+01  -4.204752e-01 -6.437480e-01
9.666667e+01  -5.265986e-01 -6.279634e-01
9.700000e+01  -6.297963e-01 -6.086902e-01
9.733333e+01  -7.294953e-01 -5.860353e-01
9.766667e+01  -8.251414e-01 -5.601247e-01
9.800000e+01  -9.162035e-01 -5.311023e-01
9.833333e+01  -1.002176e+00 -4.991293e-01
9.866667e+01  -1.082580e+00 -4.643834e-01
9.900000e+01  -1.156970e+00 -4.270575e-01
9.933333e+01  -1.224932e+00 -3.873592e-01
9.966667e+01  -1.286090e+00 -3.455088e-01
1.000000e+02  -1.340102e+00 -3.017389e-01
1.003333e+02  -1.386669e+00 -2.562927e-01
1.006667e+02  -1.425533e+00 -2.094227e-01
1.010000e+02  -1.456477e+00 -1.613892e-01
1.013333e+02  -1.479329e+00 -1.124591e-01
1.016667e+02  -1.493963e+00 -6.290422e-02
1.020000e+02  -1.500297e+00 -1.299987e-02
1.023333e+02  -1.498297e+00 3.697669e-02
1.026667e+02  -1.487972e+00 8.674783e-02
1.030000e+02  -1.469381e+00 1.360370e-01
1.033333e+02  -1.442626e+00 1.845705e-01
1.036667e+02  -1.407857e+00 2.320785e-01
1.040000e+02  -1.365267e+00 2.782973e-01
1.043333e+02  -1.315091e+00 3.229699e-01
1.046667e+02  -1.257610e+00 3.658483e-01
1.050000e+02  -1.193142e+00 4.066941e-01
1.053333e+02  -1.122045e+00 4.452806e-01
1.056667e+02  -1.044715e+00 4.813933e-01
1.060000e+02  -9.615809e-01 5.148315e-01
1.063333e+02  -8.731046e-01 5.454096e-01
1.066667e+02  -7.797777e-01 5.729577e-01
1.070000e+02  -6.821187e-01 5.973226e-01
1.073333e+02  -5.806702e-01 6.183691e-01
1.076667e+02  -4.759957e-01 6.359802e-01
1.080000e+02  -3.686768e-01 6.500580e-01
1.083333e+02  -2.593097e-01 6.605245e-01
1.086667e+02  -1.485019e-01 6.673213e-01
1.090000e+02  -3.686921e-02 6.704109e-01
1.093333e+02  7.496835e-02 6.697759e-01
1.096667e+02  1.863894e-01 6.654199e-01
1.100000e+02  2.967750e-01 6.573672e-01
1.103333e+02  4.055118e-01 6.456624e-01
1.106667e+02  5.119958e-01 6.303706e-01
1.110000e+02  6.156353e-01 6.115768e-01
1.113333e+02  7.158547e-01 5.893853e-01
1.116667e+02  8.120971e-01 5.639194e-01
1.120000e+02  9.038278e-01 5.353206e-01
1.123333e+02  9.905373e-01 5.037479e-01
1.126667e+02  1.071744e+00 4.693765e-01
1.130000e+02  1.146996e+00 4.323975e-01
1.133333e+02  1.215876e+00 3.930163e-01
1.136667e+02  1.278002e+00 3.514517e-01
1.140000e+02  1.333027e+00 3.079346e-01
1.143333e+02  1.380646e+00 2.627067e-01
1.146667e+02  1.420596e+00 2.160193e-01
1.150000e+02  1.452653e+00 1.681318e-01
1.153333e+02  1.476640e+00 1.193103e-01
1.156667e+02  1.492423e+00 6.982590e-02
1.160000e+02  1.499915e+00 1.995360e-02
1.163333e+02  1.499074e+00 -3.002955e-02
1.166667e+02  1.489905e+00 -7.984588e-02
1.170000e+02  1.472459e+00 -1.292186e-01
1.173333e+02  1.446832e+00 -1.778735e-01
1.176667e+02  1.413168e+00 -2.255401e-01
1.180000e+02  1.371652e+00 -2.719538e-01
1.183333e+02  1.322516e+00 -3.168566e-01
1.186667e+02  1.266033e+00 -3.599991e-01
1.190000e+02  1.202517e+00 -4.011416e-01
1.193333e+02  1.132320e+00 -4.400555e-01
1.196667e+02  1.055832e+00 -4.765247e-01
1.200000e+02  9.734779e-01 -5.103466e-01
1.203333e+02  8.857161e-01 -5.413331e-01
1.206667e+02  7.930336e-01 -5.693123e-01
1.210000e+02  6.959453e-01 -5.941286e-01
1.213333e+02  5.949907e-01 -6.156442e-01
1.216667e+02  4.907306e-01 -6.337395e-01
1.220000e+02  3.837442e-01 -6.483141e-01
1.223333e+02  2.746259e-01 -6.592870e-01
1.226667e+02  1.639819e-01 -6.665971e-01
1.230000e+02  5.242683e-02 -6.702039e-01
1.233333e+02  -5.941945e-02 -6.700874e-01
1.236667e+02  -1.709356e-01 -6.662481e-01
1.240000e+02  -2.815022e-01 -6.587075e-01
1.243333e+02  -3.905048e-01 -6.475074e-01
1.246667e+02  -4.973379e-01 -6.327100e-01
1.250000e+02  -6.014081e-01 -6.143975e-01
1.253333e+02  -7.021371e-01 -5.926718e-01
1.256667e+02  -7.989654e-01 -5.676534e-01
1.260000e+02  -8.913549e-01 -5.394814e-01
1.263333e+02  -9.787925e-01 -5.083123e-01
1.266667e+02  -1.060792e+00 -4.743192e-01
1.270000e+02  -1.136899e+00 -4.376910e-01
1.273333e+02  -1.206689e+00 -3.986312e-01
1.276667e+02  -1.269776e+00 -3.573568e-01
1.280000e+02  -1.325808e+00 -3.140971e-01
1.283333e+02  -1.374475e+00 -2.690923e-01
1.286667e+02  -1.415506e+00 -2.225927e-01
1.290000e+02  -1.448673e+00 -1.748564e-01
1.293333e+02  -1.473791e+00 -1.261486e-01
1.296667e+02  -1.490722e+00 -7.674007e-02
1.300000e+02  -1.499371e+00 -2.690518e-02
1.303333e+02  -1.499690e+00 2.307918e-02
1.306667e+02  -1.491678e+00 7.293533e-02
1.310000e+02  -1.475379e+00 1.223863e-01
1.313333e+02  -1.450883e+00 1.711573e-01
1.316667e+02  -1.418326e+00 2.189775e-01
1.320000e+02  -1.377890e+00 2.655811e-01
1.323333e+02  -1.329799e+00 3.107092e-01
1.326667e+02  -1.274321e+00 3.541112e-01
1.330000e+02  -1.211762e+00 3.955459e-01
1.333333e+02  -1.142472e+00 4.347832e-01
1.336667e+02  -1.066834e+00 4.716049e-01
1.340000e+02  -9.852702e-01 5.058067e-01
1.343333e+02  -8.982322e-01 5.371984e-01
1.346667e+02  -8.062041e-01 5.656057e-01
1.350000e+02  -7.096970e-01 5.908707e-01
1.353333e+02  -6.092472e-01 6.128531e-01
1.356667e+02  -5.054127e-01 6.314307e-01
1.360000e+02  -3.987703e-01 6.465005e-01
1.363333e+02  -2.899125e-01 6.579785e-01
1.366667e+02  -1.794441e-01 6.658011e-01
1.370000e+02  -6.797881e-02 6.699248e-01
1.373333e+02  4.386416e-02 6.703267e-01
1.376667e+02  1.554634e-01 6.670046e-01
1.380000e+02  2.661990e-01 6.599769e-01
1.383333e+02  3.754557e-01 6.492827e-01
1.386667e+02  4.826266e-01 6.349813e-01
1.390000e+02  5.871162e-01 6.171522e-01
1.393333e+02  6.883440e-01 5.958946e-01
1.396667e+02  7.857477e-01 5.713264e-01
1.400000e+02  8.787861e-01 5.435842e-01
1.403333e+02  9.669424e-01 5.128220e-01
1.406667e+02  1.049727e+00 4.792109e-01
1.410000e+02  1.126679e+00 4.429374e-01
1.413333e+02  1.197373e+00 4.042032e-01
1.416667e+02  1.261414e+00 3.632234e-01
1.420000e+02  1.318447e+00 3.202258e-01
1.423333e+02  1.368156e+00 2.754491e-01
1.426667e+02  1.410263e+00 2.291421e-01
1.430000e+02  1.444536e+00 1.815621e-01
1.433333e+02  1.470784e+00 1.329734e-01
1.436667e+02  1.488861e+00 8.364598e-02
1.440000e+02  1.498666e+00 3.385386e-02
1.443333e+02  1.500145e+00 -1.612633e-02
1.446667e+02  1.493291e+00 -6.601693e-02
1.450000e+02  1.478140e+00 -1.155408e-01
1.453333e+02  1.454777e+00 -1.644227e-01
1.456667e+02  1.423332e+00 -2.123912e-01
1.460000e+02  1.383980e+00 -2.591798e-01
1.463333e+02  1.336939e+00 -3.045284e-01
1.466667e+02  1.282471e+00 -3.481852e-01
1.470000e+02  1.220877e+00 -3.899077e-01
1.473333e+02  1.152501e+00 -4.294640e-01
1.476667e+02  1.077723e+00 -4.666344e-01
1.480000e+02  9.969565e-01 -5.012124e-01
1.483333e+02  9.106518e-01 -5.330059e-01
1.486667e+02  8.192879e-01 -5.618382e-01
1.490000e+02  7.233724e-01 -5.875492e-01
1.493333e+02  6.234382e-01 -6.099960e-01
1.496667e+02  5.200404e-01 -6.290540e-01
1.500000e+02  4.137535e-01 -6.446172e-01
1.503333e+02  3.051680e-01 -6.565993e-01
1.506667e+02  1.948871e-01 -6.649335e-01
1.510000e+02  8.352347e-02 -6.695737e-01
1.513333e+02  -2.830415e-02 -6.704940e-01
1.516667e+02  -1.399745e-01 -6.676894e-01
1.520000e+02  -2.508673e-01 -6.611753e-01
1.523333e+02  -3.603663e-01 -6.509881e-01
1.526667e+02  -4.678633e-01 -6.371843e-01
1.530000e+02  -5.727611e-01 -6.198405e-01
1.533333e+02  -6.744768e-01 -5.990532e-01
1.536667e+02  -7.724455e-01 -5.749379e-01
1.540000e+02  -8.661228e-01 -5.476284e-01
1.543333e+02  -9.549883e-01 -5.172766e-01
1.546667e+02  -1.038548e+00 -4.840509e-01
1.550000e+02  -1.116339e+00 -4.481362e-01
1.553333e+02  -1.187927e+00 -4.097317e-01
1.556667e+02  -1.252916e+00 -3.690510e-01
1.560000e+02  -1.310944e+00 -3.263200e-01
1.563333e+02  -1.361689e+00 -2.817761e-01
1.566667e+02  -1.404869e+00 -2.356668e-01
1.570000e+02  -1.440245e+00 -1.882483e-01
1.573333e+02  -1.467619e+00 -1.397839e-01
1.576667e+02  -1.486839e+00 -9.054289e-02
1.580000e+02  -1.497800e+00 -4.079890e-02
1.583333e+02  -1.500439e+00 9.171744e-03
1.586667e+02  -1.494743e+00 5.909144e-02
1.590000e+02  -1.480742e+00 1.086828e-01
1.593333e+02  -1.458515e+00 1.576705e-01
1.596667e+02  -1.428185e+00 2.057821e-01
1.600000e+02  -1.389921e+00 2.527506e-01
1.603333e+02  -1.343935e+00 2.983148e-01
1.606667e+02  -1.290483e+00 3.422218e-01
1.610000e+02  -1.229861e+00 3.842275e-01
1.613333e+02  -1.162407e+00 4.240986e-01
1.616667e+02  -1.088495e+00 4.616137e-01
1.620000e+02  -1.008536e+00 4.965642e-01
1.623333e+02  -9.229734e-01 5.287560e-01
1.626667e+02  -8.322836e-01 5.580103e-01
1.630000e+02  -7.369700e-01 5.841645e-01
1.633333e+02  -6.375621e-01 6.070734e-01
1.636667e+02  -5.346122e-01 6.266096e-01
1.640000e+02  -4.286922e-01 6.426647e-01
1.643333e+02  -3.203906e-01 6.551494e-01
1.646667e+02  -2.103091e-01 6.639944e-01
1.650000e+02  -9.905915e-02 6.691505e-01
1.653333e+02  1.274110e-02 6.705891e-01
1.656667e+02  1.244706e-01 6.683023e-01
1.660000e+02  2.355085e-01 6.623026e-01
1.663333e+02  3.452381e-01 6.526235e-01
1.666667e+02  4.530497e-01 6.393187e-01
1.670000e+02  5.583443e-01 6.224622e-01
1.673333e+02  6.605371e-01 6.021475e-01
1.676667e+02  7.590602e-01 5.784875e-01
1.680000e+02  8.533663e-01 5.516137e-01
1.683333e+02  9.429314e-01 5.216754e-01
1.686667e+02  1.027258e+00 4.888390e-01
1.690000e+02  1.105878e+00 4.532867e-01
1.693333e+02  1.178354e+00 4.152162e-01
1.696667e+02  1.244283e+00 3.748389e-01
1.700000e+02  1.303300e+00 3.323792e-01
1.703333e+02  1.355076e+00 2.880729e-01
1.706667e+02  1.399324e+00 2.421662e-01
1.710000e+02  1.435798e+00 1.949142e-01
1.713333e+02  1.464296e+00 1.465793e-01
1.716667e+02  1.484658e+00 9.743006e-02
1.720000e+02  1.496772e+00 4.773956e-02
1.723333e+02  1.500571e+00 -2.216169e-03
1.726667e+02  1.496034e+00 -5.215958e-02
1.730000e+02  1.483185e+00 -1.018132e-01
1.733333e+02  1.462096e+00 -1.509012e-01
1.736667e+02  1.432884e+00 -1.991509e-01
1.740000e+02  1.395712e+00 -2.462942e-01
1.743333e+02  1.350786e+00 -2.920691e-01
1.746667e+02  1.298356e+00 -3.362215e-01
1.750000e+02  1.238712e+00 -3.785060e-01
1.753333e+02  1.172187e+00 -4.186876e-01
1.756667e+02  1.099150e+00 -4.565433e-01
1.760000e+02  1.020006e+00 -4.918625e-01
1.763333e+02  9.351956e-01 -5.244492e-01
1.766667e+02  8.451897e-01 -5.541223e-01
1.770000e+02  7.504882e-01 -5.807169e-01
1.773333e+02  6.516174e-01 -6.040854e-01
1.776667e+02  5.491264e-01 -6.240978e-01
1.780000e+02  4.435848e-01 -6.406429e-01
1.783333e+02  3.355788e-01 -6.536290e-01
1.786667e+02  2.257084e-01 -6.629838e-01
1.790000e+02  1.145842e-01 -6.686553e-01
1.793333e+02  2.823329e-03 -6.706121e-01
1.796667e+02  -1.089532e-01 -6.688433e-01
1.800000e+02  -2.201244e-01 -6.633587e-01
1.803333e+02  -3.300728e-01 -6.541887e-01
1.806667e+02  -4.381873e-01 -6.413844e-01
1.810000e+02  -5.438676e-01 -6.250168e-01
1.813333e+02  -6.465263e-01 -6.051769e-01
1.816667e+02  -7.455932e-01 -5.819749e-01
1.820000e+02  -8.405179e-01 -5.555397e-01
1.823333e+02  -9.307731e-01 -5.260182e-01
1.826667e+02  -1.015857e+00 -4.935744e-01
1.830000e+02  -1.095298e+00 -4.583885e-01
1.833333e+02  -1.168653e+00 -4.206559e-01
1.836667e+02  -1.235517e+00 -3.805864e-01
1.840000e+02  -1.295516e+00 -3.384026e-01
1.843333e+02  -1.348317e+00 -2.943387e-01
1.846667e+02  -1.393629e+00 -2.486396e-01
1.850000e+02  -1.431197e+00 -2.015591e-01
1.853333e+02  -1.460815e+00 -1.533589e-01
1.856667e+02  -1.482317e+00 -1.043068e-01
1.860000e+02  -1.495584e+00 -5.467507e-02
1.863333e+02  -1.500542e+00 -4.739643e-03
1.866667e+02  -1.497164e+00 4.522212e-02
1.870000e+02  -1.485468e+00 9.493264e-02
1.873333e+02  -1.465519e+00 1.441158e-01
1.876667e+02  -1.437429e+00 1.924982e-01
1.880000e+02  -1.401353e+00 2.398113e-01
1.883333e+02  -1.357492e+00 2.857920e-01
1.886667e+02  -1.306089e+00 3.301851e-01
1.890000e+02  -1.247431e+00 3.727437e-01
1.893333e+02  -1.181841e+00 4.132316e-01
1.896667e+02  -1.109687e+00 4.514237e-01
1.900000e+02  -1.031367e+00 4.871080e-01
1.903333e+02  -9.473173e-01 5.200860e-01
1.906667e+02  -8.580049e-01 5.501747e-01
1.910000e+02  -7.639257e-01 5.772069e-01
1.913333e+02  -6.656026e-01 6.010324e-01
1.916667e+02  -5.635816e-01 6.215188e-01
1.920000e+02  -4.584296e-01 6.385523e-01
1.923333e+02  -3.507308e-01 6.520383e-01
1.926667e+02  -2.410835e-01 6.619019e-01
1.930000e+02  -1.300969e-01 6.680882e-01
1.933333e+02  -1.838745e-02 6.705630e-01
1.936667e+02  9.342412e-02 6.693124e-01
1.940000e+02  2.047167e-01 6.643433e-01
1.943333e+02  3.148719e-01 6.556835e-01
1.946667e+02  4.232778e-01 6.433810e-01
1.950000e+02  5.293322e-01 6.275042e-01
1.953333e+02  6.324459e-01 6.081412e-01
1.956667e+02  7.320460e-01 5.853997e-01
1.960000e+02  8.275792e-01 5.594060e-01
1.963333e+02  9.185146e-01 5.303044e-01
1.966667e+02  1.004347e+00 4.982567e-01
1.970000e+02  1.084600e+00 4.634409e-01
1.973333e+02  1.158828e+00 4.260504e-01
1.976667e+02  1.226617e+00 3.862930e-01
1.980000e+02  1.287592e+00 3.443895e-01
1.983333e+02  1.341414e+00 3.005728e-01
1.986667e+02  1.387783e+00 2.550862e-01
1.990000e+02  1.426442e+00 2.081824e-01
1.993333e+02  1.457177e+00 1.601221e-01
1.996667e+02  1.479816e+00 1.111722e-01
2.000000e+02  1.494234e+00 6.160471e-02
2.003333e+02  1.500351e+00 1.169495e-02
2.006667e+02  1.498133e+00 -3.827979e-02
2.010000e+02  1.487591e+00 -8.804185e-02
2.013333e+02  1.468785e+00 -1.373148e-01
2.016667e+02  1.441820e+00 -1.858249e-01
2.020000e+02  1.406844e+00 -2.333026e-01
2.023333e+02  1.364052e+00 -2.794842e-01
2.026667e+02  1.313682e+00 -3.241131e-01
2.030000e+02  1.256014e+00 -3.669414e-01
2.033333e+02  1.191369e+00 -4.077311e-01
2.036667e+02  1.120104e+00 -4.462557e-01
2.040000e+02  1.042617e+00 -4.823010e-01
2.043333e+02  9.593371e-01 -5.156669e-01
2.046667e+02  8.707277e-01 -5.461680e-01
2.050000e+02  7.772811e-01 -5.736348e-01
2.053333e+02  6.795162e-01 -5.979147e-01
2.056667e+02  5.779761e-01 -6.188730e-01
2.060000e+02  4.732252e-01 -6.363930e-01
2.063333e+02  3.658452e-01 -6.503775e-01
2.066667e+02  2.564327e-01 -6.607488e-01
2.070000e+02  1.455956e-01 -6.674492e-01
2.073333e+02  3.394959e-02 -6.704417e-01
2.076667e+02  -7.788499e-02 -6.697094e-01
2.080000e+02  -1.892869e-01 -6.652565e-01
2.083333e+02  -2.996372e-01 -6.571078e-01
2.086667e+02  -4.083228e-01 -6.453085e-01
2.090000e+02  -5.147400e-01 -6.299241e-01
2.093333e+02  -6.182975e-01 -6.110401e-01
2.096667e+02  -7.184200e-01 -5.887615e-01
2.100000e+02  -8.145514e-01 -5.632120e-01
2.103333e+02  -9.061574e-01 -5.345335e-01
2.106667e+02  -9.927292e-01 -5.028854e-01
2.110000e+02  -1.073786e+00 -4.684435e-01
2.113333e+02  -1.148877e+00 -4.313991e-01
2.116667e+02  -1.217586e+00 -3.919581e-01
2.120000e+02  -1.279530e+00 -3.503395e-01
2.123333e+02  -1.334365e+00 -3.067746e-01
2.126667e+02  -1.381788e+00 -2.615053e-01
2.130000e+02  -1.421534e+00 -2.147833e-01
2.133333e+02  -1.453382e+00 -1.668680e-01
2.136667e+02  -1.477156e+00 -1.180257e-01
2.140000e+02  -1.492724e+00 -6.852771e-02
2.143333e+02  -1.499999e+00 -1.864899e-02
2.146667e+02  -1.498941e+00 3.133334e-02
2.150000e+02  -1.489555e+00 8.114159e-02
2.153333e+02  -1.471893e+00 1.304991e-01
2.156667e+02  -1.446055e+00 1.791315e-01
2.160000e+02  -1.412183e+00 2.267688e-01
2.163333e+02  -1.370465e+00 2.731463e-01
2.166667e+02  -1.321134e+00 3.180063e-01
2.170000e+02  -1.264463e+00 3.610996e-01
2.173333e+02  -1.200768e+00 4.021868e-01
2.176667e+02  -1.130401e+00 4.410396e-01
2.180000e+02  -1.053754e+00 4.774422e-01
2.183333e+02  -9.712536e-01 5.111923e-01
2.186667e+02  -8.833570e-01 5.421025e-01
2.190000e+02  -7.905528e-01 5.700010e-01
2.193333e+02  -6.933566e-01 5.947328e-01
2.196667e+02  -5.923085e-01 6.161605e-01
2.200000e+02  -4.879698e-01 6.341652e-01
2.203333e+02  -3.809201e-01 6.486467e-01
2.206667e+02  -2.717542e-01 6.595246e-01
2.210000e+02  -1.610786e-01 6.667385e-01
2.213333e+02  -4.950808e-02 6.702482e-01
2.216667e+02  6.233748e-02 6.700344e-01
2.220000e+02  1.738367e-01 6.660982e-01
2.223333e+02  2.843702e-01 6.584614e-01
2.226667e+02  3.933238e-01 6.471665e-01
2.230000e+02  5.000924e-01 6.322762e-01
2.233333e+02  6.040826e-01 6.138733e-01
2.236667e+02  7.047168e-01 5.920600e-01
2.240000e+02  8.014359e-01 5.669574e-01
2.243333e+02  8.937026e-01 5.387051e-01
2.246667e+02  9.810043e-01 5.074600e-01
2.250000e+02  1.062856e+00 4.733957e-01
2.253333e+02  1.138803e+00 4.367014e-01
2.256667e+02  1.208423e+00 3.975809e-01
2.260000e+02  1.271330e+00 3.562517e-01
2.263333e+02  1.327174e+00 3.129433e-01
2.266667e+02  1.375644e+00 2.678964e-01
2.270000e+02  1.416472e+00 2.213611e-01
2.273333e+02  1.449431e+00 1.735960e-01
2.276667e+02  1.474338e+00 1.248665e-01
2.280000e+02  1.491053e+00 7.544335e-02
2.283333e+02  1.499486e+00 2.560103e-02
2.286667e+02  1.499587e+00 -2.438352e-02
2.290000e+02  1.491358e+00 -7.423260e-02
2.293333e+02  1.474843e+00 -1.236693e-01
2.296667e+02  1.450135e+00 -1.724189e-01
2.300000e+02  1.417370e+00 -2.202106e-01
2.303333e+02  1.376731e+00 -2.667790e-01
2.306667e+02  1.328444e+00 -3.118652e-01
2.310000e+02  1.272776e+00 -3.552189e-01
2.313333e+02  1.210037e+00 -3.965991e-01
2.316667e+02  1.140576e+00 -4.357760e-01
2.320000e+02  1.064779e+00 -4.725319e-01
2.323333e+02  9.830656e-01 -5.066627e-01
2.326667e+02  8.958911e-01 -5.379786e-01
2.330000e+02  8.037394e-01 -5.663058e-01
2.333333e+02  7.071225e-01 -5.914868e-01
2.336667e+02  6.065772e-01 -6.133818e-01
2.340000e+02  5.026619e-01 -6.318691e-01
2.343333e+02  3.959541e-01 -6.468461e-01
2.346667e+02  2.870466e-01 -6.582294e-01
2.350000e+02  1.765443e-01 -6.659559e-01
2.353333e+02  6.506125e-02 -6.699827e-01
2.356667e+02  -4.678326e-02 -6.702873e-01
2.360000e+02  -1.583679e-01 -6.668681e-01
2.363333e+02  -2.690726e-01 -6.597441e-01
2.366667e+02  -3.782826e-01 -6.489549e-01
2.370000e+02  -4.853909e-01 -6.345603e-01
2.373333e+02  -5.898027e-01 -6.166404e-01
2.376667e+02  -6.909377e-01 -5.952948e-01
2.380000e+02  -7.882343e-01 -5.706419e-01
2.383333e+02  -8.811517e-01 -5.428188e-01
2.386667e+02  -9.691739e-01 -5.119800e-01
2.390000e+02  -1.051812e+00 -4.782969e-01
2.393333e+02  -1.128606e+00 -4.419566e-01
2.396667e+02  -1.199131e+00 -4.031610e-01
2.400000e+02  -1.262993e+00 -3.621256e-01
2.403333e+02  -1.319839e+00 -3.190784e-01
2.406667e+02  -1.369353e+00 -2.742586e-01
2.410000e+02  -1.411259e+00 -2.279150e-01
2.413333e+02  -1.445324e+00 -1.803053e-01
2.416667e+02  -1.471360e+00 -1.316939e-01
2.420000e+02  -1.489222e+00 -8.235086e-02
2.423333e+02  -1.498811e+00 -3.255031e-02
2.426667e+02  -1.500072e+00 1.743107e-02
2.430000e+02  -1.493000e+00 6.731562e-02
2.433333e+02  -1.477634e+00 1.168262e-01
2.436667e+02  -1.454058e+00 1.656877e-01
2.440000e+02  -1.422405e+00 2.136288e-01
2.443333e+02  -1.382849e+00 2.603830e-01
2.446667e+02  -1.335610e+00 3.056906e-01
2.450000e+02  -1.280952e+00 3.493000e-01
2.453333e+02  -1.219177e+00 3.909688e-01
2.456667e+02  -1.150629e+00 4.304656e-01
2.460000e+02  -1.075688e+00 4.675709e-01
2.463333e+02  -9.947719e-01 5.020785e-01
2.466667e+02  -9.083289e-01 5.337969e-01
2.470000e+02  -8.168396e-01 5.625497e-01
2.473333e+02  -7.208123e-01 5.881772e-01
2.476667e+02  -6.207805e-01 6.105371e-01
2.480000e+02  -5.173000e-01 6.295051e-01
2.483333e+02  -4.109455e-01 6.449759e-01
2.486667e+02  -3.023080e-01 6.568634e-01
2.490000e+02  -1.919910e-01 6.651018e-01
2.493333e+02  -8.060741e-02 6.696451e-01
2.496667e+02  3.122401e-02 6.704681e-01
2.500000e+02  1.428820e-01 6.675664e-01
2.503333e+02  2.537461e-01 6.609559e-01
2.506667e+02  3.632006e-01 6.506734e-01
2.510000e+02  4.706373e-01 6.367761e-01
2.513333e+02  5.754593e-01 6.193412e-01
2.516667e+02  6.770843e-01 5.984655e-01
2.520000e+02  7.749478e-01 5.742649e-01
2.523333e+02  8.685060e-01 5.468740e-01
2.526667e+02  9.572391e-01 5.164450e-01
2.530000e+02  1.040654e+00 4.831467e-01
2.533333e+02  1.118288e+00 4.471644e-01
2.536667e+02  1.189709e+00 4.086977e-01
2.540000e+02  1.254521e+00 3.679606e-01
2.543333e+02  1.312363e+00 3.251792e-01
2.546667e+02  1.362914e+00 2.805913e-01
2.550000e+02  1.405893e+00 2.344445e-01
2.553333e+02  1.441062e+00 1.869952e-01
2.556667e+02  1.468225e+00 1.385071e-01
2.560000e+02  1.487231e+00 8.924952e-02
2.563333e+02  1.497975e+00 3.949610e-02
2.566667e+02  1.500396e+00 -1.047675e-02
2.570000e+02  1.494482e+00 -6.039140e-02
2.573333e+02  1.480266e+00 -1.099705e-01
2.576667e+02  1.457826e+00 -1.589387e-01
2.580000e+02  1.427286e+00 -2.070239e-01
2.583333e+02  1.388818e+00 -2.539590e-01
2.586667e+02  1.342633e+00 -2.994832e-01
2.590000e+02  1.288990e+00 -3.433435e-01
2.593333e+02  1.228185e+00 -3.852965e-01
2.596667e+02  1.160558e+00 -4.251088e-01
2.600000e+02  1.086482e+00 -4.625595e-01
2.603333e+02  1.006371e+00 -4.974404e-01
2.606667e+02  9.206690e-01 -5.295577e-01
2.610000e+02  8.298519e-01 -5.587331e-01
2.613333e+02  7.344246e-01 -5.848044e-01
2.616667e+02  6.349171e-01 -6.076267e-01
2.620000e+02  5.318824e-01 -6.270734e-01
2.623333e+02  4.258927e-01 -6.430363e-01
2.626667e+02  3.175369e-01 -6.554268e-01
2.630000e+02  2.074171e-01 -6.641760e-01
2.633333e+02  9.614491e-02 -6.692354e-01
2.636667e+02  -1.566140e-02 -6.705768e-01
2.640000e+02  -1.273807e-01 -6.681928e-01
2.643333e+02  -2.383923e-01 -6.620965e-01
2.646667e+02  -3.480795e-01 -6.523220e-01
2.650000e+02  -4.558330e-01 -6.389235e-01
2.653333e+02  -5.610540e-01 -6.219754e-01
2.656667e+02  -6.631581e-01 -6.015718e-01
2.660000e+02  -7.615780e-01 -5.778262e-01
2.663333e+02  -8.557668e-01 -5.508705e-01
2.666667e+02  -9.452015e-01 -5.208543e-01
2.670000e+02  -1.029385e+00 -4.879446e-01
2.673333e+02  -1.107850e+00 -4.523240e-01
2.676667e+02  -1.180160e+00 -4.141905e-01
2.680000e+02  -1.245913e+00 -3.737559e-01
2.683333e+02  -1.304745e+00 -3.312450e-01
2.686667e+02  -1.356328e+00 -2.868938e-01
2.690000e+02  -1.400376e+00 -2.409487e-01
2.693333e+02  -1.436644e+00 -1.936650e-01
2.696667e+02  -1.464931e+00 -1.453054e-01
2.700000e+02  -1.485080e+00 -9.613858e-02
2.703333e+02  -1.496977e+00 -4.643763e-02
2.706667e+02  -1.500559e+00 3.521307e-03
2.710000e+02  -1.495804e+00 5.346068e-02
2.713333e+02  -1.482738e+00 1.031030e-01
2.716667e+02  -1.461436e+00 1.521726e-01
2.720000e+02  -1.432014e+00 2.003968e-01
2.723333e+02  -1.394637e+00 2.475076e-01
2.726667e+02  -1.349512e+00 2.932435e-01
2.730000e+02  -1.296889e+00 3.373501e-01
2.733333e+02  -1.237062e+00 3.795827e-01
2.736667e+02  -1.170362e+00 4.197064e-01
2.740000e+02  -1.097160e+00 4.574984e-01
2.743333e+02  -1.017862e+00 4.927488e-01
2.746667e+02  -9.329100e-01 5.252616e-01
2.750000e+02  -8.427750e-01 5.548564e-01
2.753333e+02  -7.479578e-01 5.813686e-01
2.756667e+02  -6.489854e-01 6.046510e-01
2.760000e+02  -5.464075e-01 6.245742e-01
2.763333e+02  -4.407940e-01 6.410275e-01
2.766667e+02  -3.327317e-01 6.539196e-01
2.770000e+02  -2.228208e-01 6.631789e-01
2.773333e+02  -1.116721e-01 6.687537e-01
2.776667e+02  9.710094e-05 6.706133e-01
2.780000e+02  1.118657e-01 6.687473e-01
2.783333e+02  2.230129e-01 6.631660e-01
2.786667e+02  3.329210e-01 6.539004e-01
2.790000e+02  4.409797e-01 6.410021e-01
2.793333e+02  5.465884e-01 6.245426e-01
2.796667e+02  6.491605e-01 6.046134e-01
2.800000e+02  7.481262e-01 5.813253e-01
2.803333e+02  8.429356e-01 5.548076e-01
2.806667e+02  9.330621e-01 5.252077e-01
2.810000e+02  1.018005e+00 4.926899e-01
2.813333e+02  1.097292e+00 4.574349e-01
2.816667e+02  1.170483e+00 4.196387e-01
2.820000e+02  1.237172e+00 3.795111e-01
2.823333e+02  1.296987e+00 3.372751e-01
2.826667e+02  1.349597e+00 2.931654e-01
2.830000e+02  1.394709e+00 2.474270e-01
2.833333e+02  1.432072e+00 2.003140e-01
2.836667e+02  1.461480e+00 1.520881e-01
2.840000e+02  1.482768e+00 1.030173e-01
2.843333e+02  1.495819e+00 5.337416e-02
2.846667e+02  1.500560e+00 3.434518e-03
2.850000e+02  1.496964e+00 -4.652421e-02
2.853333e+02  1.485052e+00 -9.622447e-02
2.856667e+02  1.464889e+00 -1.453901e-01
2.860000e+02  1.436588e+00 -1.937481e-01
2.863333e+02  1.400306e+00 -2.410297e-01
2.866667e+02  1.356245e+00 -2.869722e-01
2.870000e+02  1.304649e+00 -3.313204e-01
2.873333e+02  1.245805e+00 -3.738280e-01
2.876667e+02  1.180040e+00 -4.142587e-01
2.880000e+02  1.107719e+00 -4.523881e-01
2.883333e+02  1.029244e+00 -4.880041e-01
2.886667e+02  9.450506e-01 -5.209090e-01
2.890000e+02  8.556073e-01 -5.509200e-01
2.893333e+02  7.614106e-01 -5.778703e-01
2.896667e+02  6.629839e-01 -6.016102e-01
2.900000e+02  5.608739e-01 -6.220078e-01
2.903333e+02  4.556480e-01 -6.389498e-01
2.906667e+02  3.478906e-01 -6.523421e-01
2.910000e+02  2.382006e-01 -6.621103e-01
2.913333e+02  1.271872e-01 -6.682001e-01
2.916667e+02  1.546721e-02 -6.705777e-01
2.920000e+02  -9.633871e-02 -6.692298e-01
2.923333e+02  -2.076094e-01 -6.641640e-01
2.926667e+02  -3.177267e-01 -6.554084e-01
2.930000e+02  -4.260789e-01 -6.430117e-01
2.933333e+02  -5.320639e-01 -6.270426e-01
2.936667e+02  -6.350931e-01 -6.075900e-01
2.940000e+02  -7.345939e-01 -5.847619e-01
2.943333e+02  -8.300137e-01 -5.586851e-01
2.946667e+02  -9.208223e-01 -5.295045e-01
2.950000e+02  -1.006515e+00 -4.973822e-01
2.953333e+02  -1.086616e+00 -4.624967e-01
2.956667e+02  -1.160681e+00 -4.250417e-01
2.960000e+02  -1.228297e+00 -3.852254e-01
2.963333e+02  -1.289089e+00 -3.432690e-01
2.966667e+02  -1.342720e+00 -2.994055e-01
2.970000e+02  -1.388891e+00 -2.538787e-01
2.973333e+02  -1.427346e+00 -2.069414e-01
2.976667e+02  -1.457872e+00 -1.588544e-01
2.980000e+02  -1.480298e+00 -1.098849e-01
2.983333e+02  -1.494500e+00 -6.030496e-02
2.986667e+02  -1.500399e+00 -1.038997e-02
2.990000e+02  -1.497963e+00 3.958273e-02
2.993333e+02  -1.487205e+00 8.933554e-02
2.996667e+02  -1.468185e+00 1.385920e-01
3.000000e+02  -1.441008e+00 1.870786e-01
3.003333e+02  -1.405825e+00 2.345258e-01
3.006667e+02  -1.362832e+00 2.806701e-01
3.010000e+02  -1.312268e+00 3.252551e-01
3.013333e+02  -1.254414e+00 3.680331e-01
3.016667e+02  -1.189591e+00 4.087665e-01
3.020000e+02  -1.118159e+00 4.472290e-01
3.023333e+02  -1.040514e+00 4.832069e-01
3.026667e+02  -9.570896e-01 5.165003e-01
3.030000e+02  -8.683476e-01 5.469243e-01
3.033333e+02  -7.747815e-01 5.743098e-01
3.036667e+02  -6.769110e-01 5.985046e-01
3.040000e+02  -5.752799e-01 6.193745e-01
3.043333e+02  -4.704529e-01 6.368034e-01
3.046667e+02  -3.630122e-01 6.506944e-01
3.050000e+02  -2.535547e-01 6.609706e-01
3.053333e+02  -1.426886e-01 6.675746e-01
3.056667e+02  -3.102985e-02 6.704699e-01
3.060000e+02  8.080133e-02 6.696404e-01
3.063333e+02  1.921836e-01 6.650907e-01
3.066667e+02  3.024982e-01 6.568460e-01
3.070000e+02  4.111323e-01 6.449521e-01
3.073333e+02  5.174823e-01 6.294752e-01
3.076667e+02  6.209573e-01 6.105012e-01
3.080000e+02  7.209827e-01 5.881355e-01
3.083333e+02  8.170025e-01 5.625025e-01
3.086667e+02  9.084835e-01 5.337444e-01
3.090000e+02  9.949173e-01 5.020210e-01
3.093333e+02  1.075824e+00 4.675087e-01
3.096667e+02  1.150754e+00 4.303990e-01
3.100000e+02  1.219290e+00 3.908983e-01
3.103333e+02  1.281053e+00 3.492259e-01
3.106667e+02  1.335699e+00 3.056134e-01
3.110000e+02  1.382924e+00 2.603030e-01
3.113333e+02  1.422466e+00 2.135465e-01
3.116667e+02  1.454106e+00 1.656036e-01
3.120000e+02  1.477668e+00 1.167407e-01
3.123333e+02  1.493020e+00 6.722927e-02
3.126667e+02  1.500077e+00 1.734431e-02
3.130000e+02  1.498801e+00 -3.263700e-02
3.133333e+02  1.489198e+00 -8.243700e-02
3.136667e+02  1.471322e+00 -1.317790e-01
3.140000e+02  1.445272e+00 -1.803889e-01
3.143333e+02  1.411193e+00 -2.279967e-01
3.146667e+02  1.369273e+00 -2.743378e-01
3.150000e+02  1.319747e+00 -3.191548e-01
3.153333e+02  1.262888e+00 -3.621987e-01
3.156667e+02  1.199014e+00 -4.032304e-01
3.160000e+02  1.128478e+00 -4.420219e-01
3.163333e+02  1.051673e+00 -4.783578e-01
3.166667e+02  9.690256e-01 -5.120361e-01
3.170000e+02  8.809945e-01 -5.428697e-01
3.173333e+02  7.880690e-01 -5.706875e-01
3.176667e+02  6.907653e-01 -5.953347e-01
3.180000e+02  5.896241e-01 -6.166745e-01
3.183333e+02  4.852072e-01 -6.345884e-01
3.186667e+02  3.780946e-01 -6.489767e-01
3.190000e+02  2.688816e-01 -6.597597e-01
3.193333e+02  1.581747e-01 -6.668773e-01
3.196667e+02  4.658915e-02 -6.702900e-01
3.200000e+02  -6.525527e-02 -6.699789e-01
3.203333e+02  -1.767372e-01 -6.659457e-01
3.206667e+02  -2.872372e-01 -6.582128e-01
3.210000e+02  -3.961414e-01 -6.468232e-01
3.213333e+02  -5.028449e-01 -6.318401e-01
3.216667e+02  -6.067548e-01 -6.133467e-01
3.220000e+02  -7.072938e-01 -5.914459e-01
3.223333e+02  -8.039034e-01 -5.662593e-01
3.226667e+02  -8.960469e-01 -5.379268e-01
3.230000e+02  -9.832124e-01 -5.066058e-01
3.233333e+02  -1.064916e+00 -4.724703e-01
3.236667e+02  -1.140702e+00 -4.357100e-01
3.240000e+02  -1.210152e+00 -3.965291e-01
3.243333e+02  -1.272879e+00 -3.551453e-01
3.246667e+02  -1.328534e+00 -3.117884e-01
3.250000e+02  -1.376808e+00 -2.666994e-01
3.253333e+02  -1.417434e+00 -2.201287e-01
3.256667e+02  -1.450185e+00 -1.723350e-01
3.260000e+02  -1.474879e+00 -1.235840e-01
3.263333e+02  -1.491379e+00 -7.414634e-02
3.266667e+02  -1.499594e+00 -2.429678e-02
3.270000e+02  -1.499478e+00 2.568776e-02
3.273333e+02  -1.491032e+00 7.552958e-02
3.276667e+02  -1.474302e+00 1.249518e-01
3.280000e+02  -1.449381e+00 1.736798e-01
3.283333e+02  -1.416408e+00 2.214430e-01
3.286667e+02  -1.375567e+00 2.679759e-01
3.290000e+02  -1.327083e+00 3.130201e-01
3.293333e+02  -1.271227e+00 3.563252e-01
3.296667e+02  -1.208308e+00 3.976508e-01
3.300000e+02  -1.138676e+00 4.367672e-01
3.303333e+02  -1.062719e+00 4.734571e-01
3.306667e+02  -9.808573e-01 5.075167e-01
3.310000e+02  -8.935466e-01 5.387568e-01
3.313333e+02  -8.012717e-01 5.670038e-01
3.316667e+02  -7.045453e-01 5.921007e-01
3.320000e+02  -6.039048e-01 6.139082e-01
3.323333e+02  -4.999093e-01 6.323051e-01
3.326667e+02  -3.931364e-01 6.471892e-01
3.330000e+02  -2.841795e-01 6.584778e-01
3.333333e+02  -1.736438e-01 6.661082e-01
3.336667e+02  -6.214344e-02 6.700380e-01
3.340000e+02  4.970218e-02 6.702454e-01
3.343333e+02  1.612717e-01 6.667291e-01
3.346667e+02  2.719452e-01 6.595089e-01
3.350000e+02  3.811080e-01 6.486246e-01
3.353333e+02  4.881534e-01 6.341369e-01
3.356667e+02  5.924869e-01 6.161263e-01
3.360000e+02  6.935289e-01 5.946927e-01
3.363333e+02  7.907178e-01 5.699552e-01
3.366667e+02  8.835139e-01 5.420514e-01
3.370000e+02  9.714016e-01 5.111361e-01
3.373333e+02  1.053893e+00 4.773812e-01
3.376667e+02  1.130529e+00 4.409742e-01
3.380000e+02  1.200884e+00 4.021173e-01
3.383333e+02  1.264568e+00 3.610264e-01
3.386667e+02  1.321226e+00 3.179299e-01
3.390000e+02  1.370544e+00 2.730670e-01
3.393333e+02  1.412249e+00 2.266871e-01
3.396667e+02  1.446107e+00 1.790479e-01
3.400000e+02  1.471931e+00 1.304139e-01
3.403333e+02  1.489578e+00 8.105544e-02
3.406667e+02  1.498950e+00 3.124664e-02
3.410000e+02  1.499994e+00 -1.873575e-02
3.413333e+02  1.492704e+00 -6.861405e-02
3.416667e+02  1.477122e+00 -1.181112e-01
3.420000e+02  1.453334e+00 -1.669521e-01
3.423333e+02  1.421472e+00 -2.148655e-01
3.426667e+02  1.381712e+00 -2.615853e-01
3.430000e+02  1.334277e+00 -3.068517e-01
3.433333e+02  1.279428e+00 -3.504135e-01
3.436667e+02  1.217472e+00 -3.920285e-01
3.440000e+02  1.148752e+00 -4.314655e-01
3.443333e+02  1.073650e+00 -4.685056e-01
3.446667e+02  9.925835e-01 -5.029428e-01
3.450000e+02  9.060026e-01 -5.345859e-01
3.453333e+02  8.143882e-01 -5.632591e-01
3.456667e+02  7.182495e-01 -5.888031e-01
3.460000e+02  6.181206e-01 -6.110759e-01
3.463333e+02  5.145576e-01 -6.299539e-01
3.466667e+02  4.081359e-01 -6.453321e-01
3.470000e+02  2.994469e-01 -6.571251e-01
3.473333e+02  1.890942e-01 -6.652675e-01
3.476667e+02  7.769105e-02 -6.697139e-01
3.480000e+02  -3.414375e-02 -6.704397e-01
3.483333e+02  -1.457889e-01 -6.674408e-01
3.486667e+02  -2.566240e-01 -6.607339e-01
3.490000e+02  -3.660335e-01 -6.503563e-01
3.493333e+02  -4.734095e-01 -6.363656e-01
3.496667e+02  -5.781554e-01 -6.188395e-01
3.500000e+02  -6.796893e-01 -5.978754e-01
3.503333e+02  -7.774472e-01 -5.735898e-01
3.506667e+02  -8.708859e-01 -5.461176e-01
3.510000e+02  -9.594864e-01 -5.156114e-01
3.513333e+02  -1.042756e+00 -4.822407e-01
3.516667e+02  -1.120233e+00 -4.461909e-01
3.520000e+02  -1.191487e+00 -4.076622e-01
3.523333e+02  -1.256121e+00 -3.668687e-01
3.526667e+02  -1.313776e+00 -3.240371e-01
3.530000e+02  -1.364133e+00 -2.794053e-01
3.533333e+02  -1.406911e+00 -2.332212e-01
3.536667e+02  -1.441873e+00 -1.857415e-01
3.540000e+02  -1.468825e+00 -1.372298e-01
3.543333e+02  -1.487617e+00 -8.795581e-02
3.546667e+02  -1.498144e+00 -3.819314e-02
3.550000e+02  -1.500348e+00 1.178172e-02
3.553333e+02  -1.494217e+00 6.169113e-02
3.556667e+02  -1.479784e+00 1.112578e-01
3.560000e+02  -1.457131e+00 1.602064e-01
3.563333e+02  -1.426382e+00 2.082649e-01
3.566667e+02  -1.387709e+00 2.551664e-01
3.570000e+02  -1.341326e+00 3.006504e-01
3.573333e+02  -1.287492e+00 3.444640e-01
3.576667e+02  -1.226505e+00 3.863640e-01
3.580000e+02  -1.158704e+00 4.261175e-01
3.583333e+02  -1.084466e+00 4.635036e-01
3.586667e+02  -1.004203e+00 4.983148e-01
3.590000e+02  -9.183611e-01 5.303575e-01
3.593333e+02  -8.274171e-01 5.594538e-01
3.596667e+02  -7.318765e-01 5.854420e-01
3.600000e+02  -6.322698e-01 6.081778e-01
3.603333e+02  -5.291505e-01 6.275348e-01
3.606667e+02  -4.230915e-01 6.434055e-01
3.610000e+02  -3.146820e-01 6.557017e-01
3.613333e+02  -2.045243e-01 6.643552e-01
3.616667e+02  -9.323029e-02 6.693178e-01
3.620000e+02  1.858164e-02 6.705619e-01
3.623333e+02  1.302903e-01 6.680807e-01
3.626667e+02  2.412752e-01 6.618879e-01
3.630000e+02  3.509197e-01 6.520180e-01
3.633333e+02  4.586145e-01 6.385258e-01
3.636667e+02  5.637616e-01 6.214862e-01
3.640000e+02  6.657766e-01 6.009939e-01
3.643333e+02  7.640929e-01 5.771627e-01
3.646667e+02  8.581642e-01 5.501251e-01
3.650000e+02  9.474679e-01 5.200312e-01
3.653333e+02  1.031508e+00 4.870483e-01
3.656667e+02  1.109817e+00 4.513596e-01
3.660000e+02  1.181961e+00 4.131632e-01
3.663333e+02  1.247538e+00 3.726716e-01
3.666667e+02  1.306185e+00 3.301095e-01
3.670000e+02  1.357575e+00 2.857135e-01
3.673333e+02  1.401423e+00 2.397302e-01
3.676667e+02  1.437485e+00 1.924151e-01
3.680000e+02  1.465561e+00 1.440310e-01
3.683333e+02  1.485495e+00 9.484673e-02
3.686667e+02  1.497177e+00 4.513552e-02
3.690000e+02  1.500541e+00 -4.826431e-03
3.693333e+02  1.495568e+00 -5.476157e-02
3.696667e+02  1.482287e+00 -1.043925e-01
3.700000e+02  1.460770e+00 -1.534434e-01
3.703333e+02  1.431139e+00 -2.016419e-01
3.706667e+02  1.393556e+00 -2.487202e-01
3.710000e+02  1.348232e+00 -2.944167e-01
3.713333e+02  1.295418e+00 -3.384775e-01
3.716667e+02  1.235406e+00 -3.806579e-01
3.720000e+02  1.168532e+00 -4.207235e-01
3.723333e+02  1.095165e+00 -4.584518e-01
3.726667e+02  1.015714e+00 -4.936331e-01
3.730000e+02  9.306208e-01 -5.260720e-01
3.733333e+02  8.403570e-01 -5.555883e-01
3.736667e+02  7.454246e-01 -5.820180e-01
3.740000e+02  6.463510e-01 -6.052143e-01
3.743333e+02  5.436866e-01 -6.250483e-01
3.746667e+02  4.380016e-01 -6.414097e-01
3.750000e+02  3.298833e-01 -6.542078e-01
3.753333e+02  2.199323e-01 -6.633714e-01
3.756667e+02  1.087595e-01 -6.688496e-01
3.760000e+02  -3.017530e-03 -6.706120e-01
3.763333e+02  -1.147778e-01 -6.686487e-01
3.766667e+02  -2.259004e-01 -6.629707e-01
3.770000e+02  -3.357681e-01 -6.536096e-01
3.773333e+02  -4.437703e-01 -6.406173e-01
3.776667e+02  -5.493072e-01 -6.240660e-01
3.780000e+02  -6.517923e-01 -6.040477e-01
3.783333e+02  -7.506564e-01 -5.806735e-01
3.786667e+02  -8.453501e-01 -5.540734e-01
3.790000e+02  -9.353475e-01 -5.243951e-01
3.793333e+02  -1.020149e+00 -4.918035e-01
3.796667e+02  -1.099282e+00 -4.564797e-01
3.800000e+02  -1.172308e+00 -4.186198e-01
3.803333e+02  -1.238822e+00 -3.784343e-01
3.806667e+02  -1.298453e+00 -3.361464e-01
3.810000e+02  -1.350871e+00 -2.919910e-01
3.813333e+02  -1.395784e+00 -2.462134e-01
3.816667e+02  -1.432942e+00 -1.990680e-01
3.820000e+02  -1.462140e+00 -1.508167e-01
3.823333e+02  -1.483214e+00 -1.017274e-01
3.826667e+02  -1.496049e+00 -5.207306e-02
3.830000e+02  -1.500572e+00 -2.129380e-03
3.833333e+02  -1.496758e+00 4.782612e-02
3.836667e+02  -1.484630e+00 9.751593e-02
3.840000e+02  -1.464253e+00 1.466640e-01
3.843333e+02  -1.435742e+00 1.949972e-01
3.846667e+02  -1.399254e+00 2.422472e-01
3.850000e+02  -1.354993e+00 2.881513e-01
3.853333e+02  -1.303204e+00 3.324545e-01
3.856667e+02  -1.244175e+00 3.749109e-01
3.860000e+02  -1.178233e+00 4.152843e-01
3.863333e+02  -1.105746e+00 4.533506e-01
3.866667e+02  -1.027116e+00 4.888984e-01
3.870000e+02  -9.427803e-01 5.217300e-01
3.873333e+02  -8.532065e-01 5.516631e-01
3.876667e+02  -7.588926e-01 5.785314e-01
3.880000e+02  -6.603627e-01 6.021857e-01
3.883333e+02  -5.581641e-01 6.224944e-01
3.886667e+02  -4.528646e-01 6.393449e-01
3.890000e+02  -3.450491e-01 6.526435e-01
3.893333e+02  -2.353167e-01 6.623162e-01
3.896667e+02  -1.242770e-01 6.683095e-01
3.900000e+02  -1.254690e-02 6.705899e-01
3.903333e+02  9.925293e-02 6.691448e-01
3.906667e+02  2.105014e-01 6.639822e-01
3.910000e+02  3.205803e-01 6.551308e-01
3.913333e+02  4.288783e-01 6.426399e-01
3.916667e+02  5.347936e-01 6.265787e-01
3.920000e+02  6.377379e-01 6.070365e-01
3.923333e+02  7.371391e-01 5.841219e-01
3.926667e+02  8.324451e-01 5.579621e-01
3.930000e+02  9.231265e-01 5.287026e-01
3.933333e+02  1.008679e+00 4.965058e-01
3.936667e+02  1.088628e+00 4.615507e-01
3.940000e+02  1.162530e+00 4.240314e-01
3.943333e+02  1.229972e+00 3.841564e-01
3.946667e+02  1.290582e+00 3.421471e-01
3.950000e+02  1.344021e+00 2.982371e-01
3.953333e+02  1.389994e+00 2.526702e-01
3.956667e+02  1.428245e+00 2.056995e-01
3.960000e+02  1.458561e+00 1.575861e-01
3.963333e+02  1.480773e+00 1.085972e-01
3.966667e+02  1.494760e+00 5.900498e-02
3.970000e+02  1.500442e+00 9.084962e-03
3.973333e+02  1.497788e+00 -4.088553e-02
3.976667e+02  1.486813e+00 -9.062888e-02
3.980000e+02  1.467578e+00 -1.398687e-01
3.983333e+02  1.440190e+00 -1.883316e-01
3.986667e+02  1.404801e+00 -2.357481e-01
3.990000e+02  1.361608e+00 -2.818549e-01
3.993333e+02  1.310850e+00 -3.263958e-01
3.996667e+02  1.252809e+00 -3.691235e-01
4.000000e+02  1.187808e+00 -4.098004e-01
4.003333e+02  1.116209e+00 -4.482007e-01
4.006667e+02  1.038408e+00 -4.841110e-01
4.010000e+02  9.548385e-01 -5.173318e-01
4.013333e+02  8.659642e-01 -5.476785e-01
4.016667e+02  7.722790e-01 -5.749825e-01
4.020000e+02  6.743033e-01 -5.990923e-01
4.023333e+02  5.725816e-01 -6.198737e-01
4.026667e+02  4.676788e-01 -6.372113e-01
4.030000e+02  3.601778e-01 -6.510089e-01
4.033333e+02  2.506758e-01 -6.611898e-01
4.036667e+02  1.397812e-01 -6.676975e-01
4.040000e+02  2.810998e-02 -6.704956e-01
4.043333e+02  -8.371737e-02 -6.695689e-01
4.046667e+02  -1.950796e-01 -6.649222e-01
4.050000e+02  -3.053581e-01 -6.565816e-01
4.053333e+02  -4.139402e-01 -6.445933e-01
4.056667e+02  -5.202226e-01 -6.290239e-01
4.060000e+02  -6.236148e-01 -6.099600e-01
4.063333e+02  -7.235425e-01 -5.875073e-01
4.066667e+02  -8.194506e-01 -5.617908e-01
4.070000e+02  -9.108061e-01 -5.329532e-01
4.073333e+02  -9.971017e-01 -5.011547e-01
4.076667e+02  -1.077858e+00 -4.665721e-01
4.080000e+02  -1.152626e+00 -4.293973e-01
4.083333e+02  -1.220990e+00 -3.898371e-01
4.086667e+02  -1.282571e+00 -3.481110e-01
4.090000e+02  -1.337027e+00 -3.044511e-01
4.093333e+02  -1.384055e+00 -2.590997e-01
4.096667e+02  -1.423394e+00 -2.123089e-01
4.100000e+02  -1.454825e+00 -1.643386e-01
4.103333e+02  -1.478173e+00 -1.154553e-01
4.106667e+02  -1.493310e+00 -6.593057e-02
4.110000e+02  -1.500150e+00 -1.603957e-02
4.113333e+02  -1.498656e+00 3.394054e-02
4.116667e+02  -1.488837e+00 8.373209e-02
4.120000e+02  -1.470746e+00 1.330585e-01
4.123333e+02  -1.444484e+00 1.816456e-01
4.126667e+02  -1.410197e+00 2.292236e-01
4.130000e+02  -1.368076e+00 2.755282e-01
4.133333e+02  -1.318354e+00 3.203020e-01
4.136667e+02  -1.261309e+00 3.632964e-01
4.140000e+02  -1.197256e+00 4.042725e-01
4.143333e+02  -1.126551e+00 4.430026e-01
4.146667e+02  -1.049588e+00 4.792716e-01
4.150000e+02  -9.667939e-01 5.128779e-01
4.153333e+02  -8.786287e-01 5.436350e-01
4.156667e+02  -7.855822e-01 5.713718e-01
4.160000e+02  -6.881714e-01 5.959344e-01
4.163333e+02  -5.869374e-01 6.171862e-01
4.166667e+02  -4.824427e-01 6.350092e-01
4.170000e+02  -3.752677e-01 6.493044e-01
4.173333e+02  -2.660079e-01 6.599923e-01
4.176667e+02  -1.552703e-01 6.670136e-01
4.180000e+02  -4.367004e-02 6.703293e-01
4.183333e+02  6.817281e-02 6.699209e-01
4.186667e+02  1.796369e-01 6.657907e-01
4.190000e+02  2.901031e-01 6.579617e-01
4.193333e+02  3.989575e-01 6.464774e-01
4.196667e+02  5.055955e-01 6.314015e-01
4.200000e+02  6.094247e-01 6.128178e-01
4.203333e+02  7.098681e-01 5.908296e-01
4.206667e+02  8.063679e-01 5.655590e-01
4.210000e+02  8.983878e-01 5.371464e-01
4.213333e+02  9.854167e-01 5.057497e-01
4.216667e+02  1.066971e+00 4.715432e-01
4.220000e+02  1.142598e+00 4.347171e-01
4.223333e+02  1.211877e+00 3.954758e-01
4.226667e+02  1.274423e+00 3.540375e-01
4.230000e+02  1.329889e+00 3.106323e-01
4.233333e+02  1.377967e+00 2.655014e-01
4.236667e+02  1.418390e+00 2.188954e-01
4.240000e+02  1.450932e+00 1.710734e-01
4.243333e+02  1.475414e+00 1.223009e-01
4.246667e+02  1.491699e+00 7.284905e-02
4.250000e+02  1.499697e+00 2.299245e-02
4.253333e+02  1.499363e+00 -2.699190e-02
4.256667e+02  1.490700e+00 -7.682629e-02
4.260000e+02  1.473755e+00 -1.262339e-01
4.263333e+02  1.448622e+00 -1.749401e-01
4.266667e+02  1.415441e+00 -2.226745e-01
4.270000e+02  1.374397e+00 -2.691718e-01
4.273333e+02  1.325717e+00 -3.141737e-01
4.276667e+02  1.269672e+00 -3.574302e-01
4.280000e+02  1.206574e+00 -3.987010e-01
4.283333e+02  1.136772e+00 -4.377568e-01
4.286667e+02  1.060655e+00 -4.743806e-01
4.290000e+02  9.786453e-01 -5.083689e-01
4.293333e+02  8.911987e-01 -5.395330e-01
4.296667e+02  7.988010e-01 -5.676996e-01
4.300000e+02  7.019655e-01 -5.927124e-01
4.303333e+02  6.012302e-01 -6.144323e-01
4.306667e+02  4.971547e-01 -6.327387e-01
4.310000e+02  3.903173e-01 -6.475299e-01
4.313333e+02  2.813114e-01 -6.587238e-01
4.316667e+02  1.707427e-01 -6.662580e-01
4.320000e+02  5.922540e-02 -6.700908e-01
4.323333e+02  -5.262091e-02 -6.702009e-01
4.326667e+02  -1.641749e-01 -6.665876e-01
4.330000e+02  -2.748168e-01 -6.592711e-01
4.333333e+02  -3.839319e-01 -6.482919e-01
4.336667e+02  -4.909141e-01 -6.337112e-01
4.340000e+02  -5.951690e-01 -6.156098e-01
4.343333e+02  -6.961173e-01 -5.940883e-01
4.346667e+02  -7.931984e-01 -5.692664e-01
4.350000e+02  -8.858728e-01 -5.412819e-01
4.353333e+02  -9.736257e-01 -5.102902e-01
4.356667e+02  -1.055970e+00 -4.764637e-01
4.360000e+02  -1.132447e+00 -4.399901e-01
4.363333e+02  -1.202633e+00 -4.010721e-01
4.366667e+02  -1.266138e+00 -3.599259e-01
4.370000e+02  -1.322608e+00 -3.167801e-01
4.373333e+02  -1.371731e+00 -2.718745e-01
4.376667e+02  -1.413233e+00 -2.254584e-01
4.380000e+02  -1.446884e+00 -1.777898e-01
4.383333e+02  -1.472496e+00 -1.291334e-01
4.386667e+02  -1.489928e+00 -7.975970e-02
4.390000e+02  -1.499083e+00 -2.994285e-02
4.393333e+02  -1.499909e+00 2.004035e-02
4.396667e+02  -1.492403e+00 6.991222e-02
4.400000e+02  -1.476605e+00 1.193957e-01
4.403333e+02  -1.452604e+00 1.682158e-01
4.406667e+02  -1.420533e+00 2.161015e-01
4.410000e+02  -1.380570e+00 2.627865e-01
4.413333e+02  -1.332938e+00 3.080117e-01
4.416667e+02  -1.277900e+00 3.515256e-01
4.420000e+02  -1.215762e+00 3.930866e-01
4.423333e+02  -1.146871e+00 4.324639e-01
4.426667e+02  -1.071608e+00 4.694385e-01
4.430000e+02  -9.903914e-01 5.038052e-01
4.433333e+02  -9.036728e-01 5.353729e-01
4.436667e+02  -8.119338e-01 5.639664e-01
4.440000e+02  -7.156840e-01 5.894267e-01
4.443333e+02  -6.154582e-01 6.116124e-01
4.446667e+02  -5.118132e-01 6.304002e-01
4.450000e+02  -4.053248e-01 6.456858e-01
4.453333e+02  -2.965846e-01 6.573843e-01
4.456667e+02  -1.861967e-01 6.654307e-01
4.460000e+02  -7.477439e-02 6.697802e-01
4.463333e+02  3.706335e-02 6.704087e-01
4.466667e+02  1.486952e-01 6.673128e-01
4.470000e+02  2.595009e-01 6.605095e-01
4.473333e+02  3.688650e-01 6.500367e-01
4.476667e+02  4.761798e-01 6.359526e-01
4.480000e+02  5.808492e-01 6.183355e-01
4.483333e+02  6.822917e-01 5.972831e-01
4.486667e+02  7.799436e-01 5.729126e-01
4.490000e+02  8.732625e-01 5.453591e-01
4.493333e+02  9.617300e-01 5.147759e-01
4.496667e+02  1.044854e+00 4.813328e-01
4.500000e+02  1.122174e+00 4.452157e-01
4.503333e+02  1.193260e+00 4.066251e-01
4.506667e+02  1.257716e+00 3.657755e-01
4.510000e+02  1.315185e+00 3.228938e-01
4.513333e+02  1.365347e+00 2.782183e-01
4.516667e+02  1.407924e+00 2.319971e-01
4.520000e+02  1.442680e+00 1.844870e-01
4.523333e+02  1.469420e+00 1.359521e-01
4.526667e+02  1.487997e+00 8.666177e-02
4.530000e+02  1.498307e+00 3.689003e-02
4.533333e+02  1.500294e+00 -1.308665e-02
4.536667e+02  1.493945e+00 -6.299063e-02
4.540000e+02  1.479297e+00 -1.125447e-01
4.543333e+02  1.456430e+00 -1.614734e-01
4.546667e+02  1.425472e+00 -2.095051e-01
4.550000e+02  1.386595e+00 -2.563729e-01
4.553333e+02  1.340015e+00 -3.018164e-01
4.556667e+02  1.285990e+00 -3.455832e-01
4.560000e+02  1.224820e+00 -3.874300e-01
4.563333e+02  1.156846e+00 -4.271244e-01
4.566667e+02  1.082445e+00 -4.644460e-01
4.570000e+02  1.002031e+00 -4.991872e-01
4.573333e+02  9.160497e-01 -5.311553e-01
4.576667e+02  8.249792e-01 -5.601724e-01
4.580000e+02  7.293256e-01 -5.860775e-01
4.583333e+02  6.296201e-01 -6.087266e-01
4.586667e+02  5.264167e-01 -6.279939e-01
4.590000e+02  4.202888e-01 -6.437723e-01
4.593333e+02  3.118259e-01 -6.559742e-01
4.596667e+02  2.016307e-01 -6.645318e-01
4.600000e+02  9.031533e-02 -6.693976e-01
4.603333e+02  -2.150181e-02 -6.705445e-01
4.606667e+02  -1.331995e-01 -6.679661e-01
4.610000e+02  -2.441572e-01 -6.616768e-01
4.613333e+02  -3.537584e-01 -6.517116e-01
4.616667e+02  -4.613944e-01 -6.381257e-01
4.620000e+02  -5.664670e-01 -6.209947e-01
4.623333e+02  -6.683926e-01 -6.004137e-01
4.626667e+02  -7.666049e-01 -5.764971e-01
4.630000e+02  -8.605583e-01 -5.493777e-01
4.633333e+02  -9.497308e-01 -5.192062e-01
4.636667e+02  -1.033627e+00 -4.861502e-01
4.640000e+02  -1.111781e+00 -4.503934e-01
4.643333e+02  -1.183758e+00 -4.121344e-01
4.646667e+02  -1.249159e+00 -3.715858e-01
4.650000e+02  -1.307620e+00 -3.289728e-01
4.653333e+02  -1.358817e+00 -2.845322e-01
4.656667e+02  -1.402464e+00 -2.385109e-01
4.660000e+02  -1.438320e+00 -1.911645e-01
4.663333e+02  -1.466186e+00 -1.427560e-01
4.666667e+02  -1.485906e+00 -9.355452e-02
4.670000e+02  -1.497370e+00 -4.383325e-02
4.673333e+02  -1.500517e+00 6.131536e-03
4.676667e+02  -1.495327e+00 5.606226e-02
4.680000e+02  -1.481829e+00 1.056815e-01
4.683333e+02  -1.460099e+00 1.547137e-01
4.686667e+02  -1.430258e+00 2.028863e-01
4.690000e+02  -1.392471e+00 2.499318e-01
4.693333e+02  -1.346947e+00 2.955887e-01
4.696667e+02  -1.293941e+00 3.396036e-01
4.700000e+02  -1.233746e+00 3.817317e-01
4.703333e+02  -1.166697e+00 4.217391e-01
4.706667e+02  -1.093167e+00 4.594035e-01
4.710000e+02  -1.013563e+00 4.945156e-01
4.713333e+02  -9.283280e-01 5.268805e-01
4.716667e+02  -8.379359e-01 5.563182e-01
4.720000e+02  -7.428886e-01 5.826653e-01
4.723333e+02  -6.437142e-01 6.057753e-01
4.726667e+02  -5.409635e-01 6.255199e-01
4.730000e+02  -4.352075e-01 6.417895e-01
4.733333e+02  -3.270337e-01 6.544935e-01
4.736667e+02  -2.170430e-01 6.635614e-01
4.740000e+02  -1.058466e-01 6.689429e-01
4.743333e+02  5.937949e-03 6.706081e-01
4.746667e+02  1.176895e-01 6.685476e-01
4.750000e+02  2.287872e-01 6.627730e-01
4.753333e+02  3.386138e-01 6.533163e-01
4.756667e+02  4.465593e-01 6.402301e-01
4.760000e+02  5.520238e-01 6.235870e-01
4.763333e+02  6.544216e-01 6.034796e-01
4.766667e+02  7.531837e-01 5.800195e-01
4.770000e+02  8.477615e-01 5.533371e-01
4.773333e+02  9.376294e-01 5.235806e-01
4.776667e+02  1.022288e+00 4.909153e-01
4.780000e+02  1.101268e+00 4.555227e-01
4.783333e+02  1.174129e+00 4.175994e-01
4.786667e+02  1.240468e+00 3.773561e-01
4.790000e+02  1.299915e+00 3.350164e-01
4.793333e+02  1.352140e+00 2.908155e-01
4.796667e+02  1.396853e+00 2.449990e-01
4.800000e+02  1.433806e+00 1.978213e-01
4.803333e+02  1.462794e+00 1.495447e-01
4.806667e+02  1.483654e+00 1.004372e-01
4.810000e+02  1.496273e+00 5.077175e-02
4.813333e+02  1.500578e+00 8.242344e-04
4.816667e+02  1.496547e+00 -4.912786e-02
4.820000e+02  1.484202e+00 -9.880702e-02
4.823333e+02  1.463612e+00 -1.479373e-01
4.826667e+02  1.434890e+00 -1.962456e-01
4.830000e+02  1.398196e+00 -2.434637e-01
4.833333e+02  1.353735e+00 -2.893292e-01
4.836667e+02  1.301753e+00 -3.335874e-01
4.840000e+02  1.242540e+00 -3.759923e-01
4.843333e+02  1.176423e+00 -4.163083e-01
4.846667e+02  1.103770e+00 -4.543115e-01
4.850000e+02  1.024985e+00 -4.897908e-01
4.853333e+02  9.405065e-01 -5.225490e-01
4.856667e+02  8.508025e-01 -5.524041e-01
4.860000e+02  7.563718e-01 -5.791904e-01
4.863333e+02  6.577390e-01 -6.027589e-01
4.866667e+02  5.554521e-01 -6.229787e-01
4.870000e+02  4.500794e-01 -6.397376e-01
4.873333e+02  3.422063e-01 -6.529424e-01
4.876667e+02  2.324320e-01 -6.625197e-01
4.880000e+02  1.213664e-01 -6.684163e-01
4.883333e+02  9.626550e-03 -6.705995e-01
4.886667e+02  -1.021668e-01 -6.690572e-01
4.890000e+02  -2.133925e-01 -6.637979e-01
4.893333e+02  -3.234327e-01 -6.548508e-01
4.896667e+02  -4.316761e-01 -6.422656e-01
4.900000e+02  -5.375213e-01 -6.261123e-01
4.903333e+02  -6.403802e-01 -6.064806e-01
4.906667e+02  -7.396815e-01 -5.834796e-01
4.910000e+02  -8.348734e-01 -5.572370e-01
4.913333e+02  -9.254272e-01 -5.278987e-01
4.916667e+02  -1.010840e+00 -4.956276e-01
4.920000e+02  -1.090636e+00 -4.606030e-01
4.923333e+02  -1.164374e+00 -4.230195e-01
4.926667e+02  -1.231643e+00 -3.830859e-01
4.930000e+02  -1.292069e+00 -3.410240e-01
4.933333e+02  -1.345318e+00 -2.970675e-01
4.936667e+02  -1.391092e+00 -2.514607e-01
4.940000e+02  -1.429138e+00 -2.044569e-01
4.943333e+02  -1.459244e+00 -1.563172e-01
4.946667e+02  -1.481243e+00 -1.073091e-01
4.950000e+02  -1.495014e+00 -5.770479e-02
4.953333e+02  -1.500478e+00 -7.779916e-03
4.956667e+02  -1.497607e+00 4.218818e-02
4.960000e+02  -1.486416e+00 9.192189e-02
4.963333e+02  -1.466966e+00 1.411449e-01
4.966667e+02  -1.439367e+00 1.895838e-01
4.970000e+02  -1.403772e+00 2.369695e-01
4.973333e+02  -1.360378e+00 2.830386e-01
4.976667e+02  -1.309426e+00 3.275353e-01
4.980000e+02  -1.251199e+00 3.702124e-01
4.983333e+02  -1.186021e+00 4.108328e-01
4.986667e+02  -1.114255e+00 4.491707e-01
4.990000e+02  -1.036298e+00 4.850133e-01
4.993333e+02  -9.525838e-01 5.181613e-01
4.996667e+02  -8.635775e-01 5.484306e-01