
0.000000e+00  1.000000e+00 5.000000e-01
3.333333e-01  1.080440e+00 4.652778e-01
6.666667e-01  1.154877e+00 4.279707e-01
1.000000e+00  1.222899e+00 3.882860e-01
1.333333e+00  1.284126e+00 3.464441e-01
1.666667e+00  1.338220e+00 3.026776e-01
2.000000e+00  1.384878e+00 2.572295e-01
2.333333e+00  1.423844e+00 2.103523e-01
2.666667e+00  1.454899e+00 1.623066e-01
3.000000e+00  1.477871e+00 1.133591e-01
3.333333e+00  1.492632e+00 6.378185e-02
3.666667e+00  1.499102e+00 1.385027e-02
4.000000e+00  1.497243e+00 -3.615827e-02
4.333333e+00  1.487066e+00 -8.596592e-02
4.666667e+00  1.468627e+00 -1.352960e-01
5.000000e+00  1.442030e+00 -1.838744e-01
5.333333e+00  1.407421e+00 -2.314313e-01
5.666667e+00  1.364993e+00 -2.777025e-01
6.000000e+00  1.314982e+00 -3.224308e-01
6.333333e+00  1.257665e+00 -3.653679e-01
6.666667e+00  1.193362e+00 -4.062752e-01
7.000000e+00  1.122428e+00 -4.449254e-01
7.333333e+00  1.045259e+00 -4.811038e-01
7.666667e+00  9.622833e-01 -5.146093e-01
8.000000e+00  8.739612e-01 -5.452560e-01
8.333333e+00  7.807837e-01 -5.728734e-01
8.666667e+00  6.832686e-01 -5.973082e-01
9.000000e+00  5.819575e-01 -6.184247e-01
9.333333e+00  4.774133e-01 -6.361054e-01
9.666667e+00  3.702169e-01 -6.502522e-01
1.000000e+01  2.609636e-01 -6.607865e-01
1.033333e+01  1.502606e-01 -6.676498e-01
1.066667e+01  3.872280e-02 -6.708039e-01
1.100000e+01  -7.303014e-02 -6.702313e-01
1.133333e+01  -1.843773e-01 -6.659352e-01
1.166667e+01  -2.947002e-01 -6.579395e-01
1.200000e+01  -4.033859e-01 -6.462885e-01
1.233333e+01  -5.098305e-01 -6.310471e-01
1.266667e+01  -6.134428e-01 -6.122998e-01
1.300000e+01  -7.136470e-01 -5.901509e-01
1.333333e+01  -8.098865e-01 -5.647234e-01
1.366667e+01  -9.016267e-01 -5.361585e-01
1.400000e+01  -9.883578e-01 -5.046149e-01
1.433333e+01  -1.069598e+00 -4.702679e-01
1.466667e+01  -1.144896e+00 -4.333084e-01
1.500000e+01  -1.213834e+00 -3.939415e-01
1.533333e+01  -1.276028e+00 -3.523861e-01
1.566667e+01  -1.331132e+00 -3.088730e-01
1.600000e+01  -1.378842e+00 -2.636440e-01
1.633333e+01  -1.418892e+00 -2.169502e-01
1.666667e+01  -1.451059e+00 -1.690512e-01
1.700000e+01  -1.475164e+00 -1.202130e-01
1.733333e+01  -1.491074e+00 -7.070694e-02
1.766667e+01  -1.498700e+00 -2.080807e-02
1.800000e+01  -1.498000e+00 2.920640e-02
1.833333e+01  -1.488978e+00 7.905862e-02
1.866667e+01  -1.471684e+00 1.284716e-01
1.900000e+01  -1.446214e+00 1.771709e-01
1.933333e+01  -1.412709e+00 2.248859e-01
1.966667e+01  -1.371356e+00 2.713515e-01
2.000000e+01  -1.322384e+00 3.163096e-01
2.033333e+01  -1.266066e+00 3.595104e-01
2.066667e+01  -1.202714e+00 4.007140e-01
2.100000e+01  -1.132680e+00 4.396913e-01
2.133333e+01  -1.056354e+00 4.762260e-01
2.166667e+01  -9.741585e-01 5.101149e-01
2.200000e+01  -8.865514e-01 5.411699e-01
2.233333e+01  -7.940191e-01 5.692183e-01
2.266667e+01  -6.970755e-01 5.941045e-01
2.300000e+01  -5.962593e-01 6.156901e-01
2.333333e+01  -4.921305e-01 6.338551e-01
2.366667e+01  -3.852677e-01 6.484988e-01
2.400000e+01  -2.762645e-01 6.595396e-01
2.433333e+01  -1.657265e-01 6.669164e-01
2.466667e+01  -5.426781e-02 6.705881e-01
2.500000e+01  5.749238e-02 6.705342e-01
2.533333e+01  1.689332e-01 6.667552e-01
2.566667e+01  2.794354e-01 6.592720e-01
2.600000e+01  3.883853e-01 6.481262e-01
2.633333e+01  4.951774e-01 6.333797e-01
2.666667e+01  5.992186e-01 6.151144e-01
2.700000e+01  6.999308e-01 5.934318e-01
2.733333e+01  7.967545e-01 5.684523e-01
2.766667e+01  8.891517e-01 5.403148e-01
2.800000e+01  9.766093e-01 5.091755e-01
2.833333e+01  1.058641e+00 4.752075e-01
2.866667e+01  1.134792e+00 4.385995e-01
2.900000e+01  1.204638e+00 3.995547e-01
2.933333e+01  1.267792e+00 3.582903e-01
2.966667e+01  1.323902e+00 3.150353e-01
3.000000e+01  1.372658e+00 2.700301e-01
3.033333e+01  1.413787e+00 2.235248e-01
3.066667e+01  1.447062e+00 1.757776e-01
3.100000e+01  1.472298e+00 1.270540e-01
3.133333e+01  1.489355e+00 7.762442e-02
3.166667e+01  1.498137e+00 2.776363e-02
3.200000e+01  1.498597e+00 -2.225140e-02
3.233333e+01  1.490730e+00 -7.214281e-02
3.266667e+01  1.474582e+00 -1.216334e-01
3.300000e+01  1.450242e+00 -1.704483e-01
3.333333e+01  1.417845e+00 -2.183162e-01
3.366667e+01  1.377571e+00 -2.649713e-01
3.400000e+01  1.329644e+00 -3.101543e-01
3.433333e+01  1.274330e+00 -3.536143e-01
3.466667e+01  1.211936e+00 -3.951097e-01
3.500000e+01  1.142810e+00 -4.344100e-01
3.533333e+01  1.067334e+00 -4.712970e-01
3.566667e+01  9.859289e-01 -5.055656e-01
3.600000e+01  8.990463e-01 -5.370256e-01
3.633333e+01  8.071690e-01 -5.655020e-01
3.666667e+01  7.108075e-01 -5.908368e-01
3.700000e+01  6.104970e-01 -6.128892e-01
3.733333e+01  5.067948e-01 -6.315366e-01
3.766667e+01  4.002771e-01 -6.466755e-01
3.800000e+01  2.915357e-01 -6.582218e-01
3.833333e+01  1.811746e-01 -6.661112e-01
3.866667e+01  6.980699e-02 -6.703001e-01
3.900000e+01  -4.194843e-02 -6.707650e-01
3.933333e+01  -1.534708e-01 -6.675035e-01
3.966667e+01  -2.641406e-01 -6.605337e-01
4.000000e+01  -3.733429e-01 -6.498942e-01
4.033333e+01  -4.804711e-01 -6.356441e-01
4.066667e+01  -5.849300e-01 -6.178627e-01
4.100000e+01  -6.861393e-01 -5.966488e-01
4.133333e+01  -7.835367e-01 -5.721201e-01
4.166667e+01  -8.765811e-01 -5.444130e-01
4.200000e+01  -9.647557e-01 -5.136814e-01
4.233333e+01  -1.047570e+00 -4.800960e-01
4.266667e+01  -1.124565e+00 -4.438434e-01
4.300000e+01  -1.195313e+00 -4.051249e-01
4.333333e+01  -1.259419e+00 -3.641558e-01
4.366667e+01  -1.316529e+00 -3.211636e-01
4.400000e+01  -1.366325e+00 -2.763872e-01
4.433333e+01  -1.408531e+00 -2.300753e-01
4.466667e+01  -1.442911e+00 -1.824852e-01
4.500000e+01  -1.469274e+00 -1.338813e-01
4.533333e+01  -1.487476e+00 -8.453355e-02
4.566667e+01  -1.497413e+00 -3.471621e-02
4.600000e+01  -1.499032e+00 1.529400e-02
4.633333e+01  -1.492322e+00 6.521924e-02
4.666667e+01  -1.477322e+00 1.147821e-01
4.700000e+01  -1.454115e+00 1.637074e-01
4.733333e+01  -1.422829e+00 2.117231e-01
4.766667e+01  -1.383638e+00 2.585626e-01
4.800000e+01  -1.336761e+00 3.039657e-01
4.833333e+01  -1.282457e+00 3.476800e-01
4.866667e+01  -1.221029e+00 3.894628e-01
4.900000e+01  -1.152817e+00 4.290819e-01
4.933333e+01  -1.078200e+00 4.663173e-01
4.966667e+01  -9.975933e-01 5.009619e-01
5.000000e+01  -9.114445e-01 5.328235e-01
5.033333e+01  -8.202322e-01 5.617249e-01
5.066667e+01  -7.244630e-01 5.875056e-01
5.100000e+01  -6.246689e-01 6.100224e-01
5.133333e+01  -5.214046e-01 6.291502e-01
5.166667e+01  -4.152435e-01 6.447827e-01
5.200000e+01  -3.067755e-01 6.568331e-01
5.233333e+01  -1.966032e-01 6.652344e-01
5.266667e+01  -8.533866e-02 6.699400e-01
5.300000e+01  2.639998e-02 6.709237e-01
5.333333e+01  1.379919e-01 6.681800e-01
5.366667e+01  2.488173e-01 6.617242e-01
5.400000e+01  3.582603e-01 6.515922e-01
5.433333e+01  4.657130e-01 6.378402e-01
5.466667e+01  5.705784e-01 6.205446e-01
5.500000e+01  6.722740e-01 5.998016e-01
5.533333e+01  7.702346e-01 5.757264e-01
5.566667e+01  8.639162e-01 5.484527e-01
5.600000e+01  9.527983e-01 5.181320e-01
5.633333e+01  1.036387e+00 4.849328e-01
5.666667e+01  1.114218e+00 4.490395e-01
5.700000e+01  1.185859e+00 4.106516e-01
5.733333e+01  1.250912e+00 3.699822e-01
5.766667e+01  1.309015e+00 3.272575e-01
5.800000e+01  1.359846e+00 2.827146e-01
5.833333e+01  1.403122e+00 2.366010e-01
5.866667e+01  1.438604e+00 1.891731e-01
5.900000e+01  1.466092e+00 1.406941e-01
5.933333e+01  1.485436e+00 9.143358e-02
5.966667e+01  1.496528e+00 4.166505e-02
6.000000e+01  1.499306e+00 -8.334955e-03
6.033333e+01  1.493754e+00 -5.828865e-02
6.066667e+01  1.479903e+00 -1.079185e-01
6.100000e+01  1.457831e+00 -1.569488e-01
6.133333e+01  1.427659e+00 -2.051072e-01
6.166667e+01  1.389557e+00 -2.521261e-01
6.200000e+01  1.343734e+00 -2.977443e-01
6.233333e+01  1.290446e+00 -3.417084e-01
6.266667e+01  1.229989e+00 -3.837741e-01
6.300000e+01  1.162699e+00 -4.237077e-01
6.333333e+01  1.088950e+00 -4.612874e-01
6.366667e+01  1.009150e+00 -4.963043e-01
6.400000e+01  9.237447e-01 -5.285641e-01
6.433333e+01  8.332070e-01 -5.578873e-01
6.466667e+01  7.380405e-01 -5.841112e-01
6.500000e+01  6.387737e-01 -6.070900e-01
6.533333e+01  5.359582e-01 -6.266961e-01
6.566667e+01  4.301652e-01 -6.428206e-01
6.600000e+01  3.219823e-01 -6.553738e-01
6.633333e+01  2.120106e-01 -6.642861e-01
6.666667e+01  1.008612e-01 -6.695078e-01
6.700000e+01  -1.084868e-02 -6.710101e-01
6.733333e+01  -1.224982e-01 -6.687846e-01
6.766667e+01  -2.334673e-01 -6.628436e-01
6.800000e+01  -3.431392e-01 -6.532201e-01
6.833333e+01  -4.509049e-01 -6.399676e-01
6.866667e+01  -5.561655e-01 -6.231598e-01
6.900000e+01  -6.583363e-01 -6.028899e-01
6.933333e+01  -7.568497e-01 -5.792707e-01
6.966667e+01  -8.511583e-01 -5.524333e-01
7.000000e+01  -9.407384e-01 -5.225268e-01
7.033333e+01  -1.025092e+00 -4.897174e-01
7.066667e+01  -1.103751e+00 -4.541873e-01
7.100000e+01  -1.176278e+00 -4.161340e-01
7.133333e+01  -1.242269e+00 -3.757688e-01
7.166667e+01  -1.301360e+00 -3.333160e-01
7.200000e+01  -1.353220e+00 -2.890115e-01
7.233333e+01  -1.397563e+00 -2.431013e-01
7.266667e+01  -1.434142e+00 -1.958406e-01
7.300000e+01  -1.462753e+00 -1.474919e-01
7.333333e+01  -1.483237e+00 -9.832378e-02
7.366667e+01  -1.495482e+00 -4.860941e-02
7.400000e+01  -1.499418e+00 1.375014e-03
7.433333e+01  -1.495024e+00 5.135180e-02
7.466667e+01  -1.482325e+00 1.010433e-01
7.500000e+01  -1.461390e+00 1.501734e-01
7.533333e+01  -1.432336e+00 1.984693e-01
7.566667e+01  -1.395325e+00 2.456625e-01
7.600000e+01  -1.350562e+00 2.914910e-01
7.633333e+01  -1.298297e+00 3.357000e-01
7.666667e+01  -1.238818e+00 3.780441e-01
7.700000e+01  -1.172457e+00 4.182879e-01
7.733333e+01  -1.099582e+00 4.562079e-01
7.766667e+01  -1.020599e+00 4.915934e-01
7.800000e+01  -9.359454e-01 5.242478e-01
7.833333e+01  -8.460923e-01 5.539897e-01
7.866667e+01  -7.515386e-01 5.806539e-01
7.900000e+01  -6.528098e-01 6.040923e-01
7.933333e+01  -5.504542e-01 6.241746e-01
7.966667e+01  -4.450406e-01 6.407892e-01
8.000000e+01  -3.371545e-01 6.538440e-01
8.033333e+01  -2.273953e-01 6.632662e-01
8.066667e+01  -1.163728e-01 6.690036e-01
8.100000e+01  -4.703785e-03 6.710244e-01
8.133333e+01  1.069914e-01 6.693172e-01
8.166667e+01  2.180921e-01 6.638916e-01
8.200000e+01  3.279812e-01 6.547778e-01
8.233333e+01  4.360482e-01 6.420262e-01
8.266667e+01  5.416927e-01 6.257079e-01
8.300000e+01  6.443278e-01 6.059134e-01
8.333333e+01  7.433833e-01 5.827527e-01
8.366667e+01  8.383089e-01 5.563545e-01
8.400000e+01  9.285772e-01 5.268654e-01
8.433333e+01  1.013687e+00 4.944493e-01
8.466667e+01  1.093165e+00 4.592863e-01
8.500000e+01  1.166570e+00 4.215717e-01
8.533333e+01  1.233493e+00 3.815150e-01
8.566667e+01  1.293565e+00 3.393388e-01
8.600000e+01  1.346449e+00 2.952774e-01
8.633333e+01  1.391854e+00 2.495755e-01
8.666667e+01  1.429526e+00 2.024871e-01
8.700000e+01  1.459256e+00 1.542738e-01
8.733333e+01  1.480879e+00 1.052034e-01
8.766667e+01  1.494275e+00 5.554854e-02
8.800000e+01  1.499369e+00 5.585075e-03
8.833333e+01  1.496134e+00 -4.440941e-02
8.866667e+01  1.484587e+00 -9.415718e-02
8.900000e+01  1.464792e+00 -1.433819e-01
8.933333e+01  1.436859e+00 -1.918100e-01
8.966667e+01  1.400944e+00 -2.391725e-01
9.000000e+01  1.357246e+00 -2.852062e-01
9.033333e+01  1.306007e+00 -3.296555e-01
9.066667e+01  1.247513e+00 -3.722734e-01
9.100000e+01  1.182088e+00 -4.128231e-01
9.133333e+01  1.110097e+00 -4.510793e-01
9.166667e+01  1.031937e+00 -4.868295e-01
9.200000e+01  9.480454e-01 -5.198751e-01
9.233333e+01  8.588865e-01 -5.500325e-01
9.266667e+01  7.649559e-01 -5.771342e-01
9.300000e+01  6.667756e-01 -6.010296e-01
9.333333e+01  5.648910e-01 -6.215859e-01
9.366667e+01  4.598681e-01 -6.386890e-01
9.400000e+01  3.522903e-01 -6.522438e-01
9.433333e+01  2.427554e-01 -6.621750e-01
9.466667e+01  1.318719e-01 -6.684275e-01
9.500000e+01  2.025574e-02 -6.709665e-01
9.533333e+01  -9.147295e-02 -6.697779e-01
9.566667e+01  -2.026935e-01 -6.648683e-01
9.600000e+01  -3.127879e-01 -6.562650e-01
9.633333e+01  -4.211446e-01 -6.440157e-01
9.666667e+01  -5.271617e-01 -6.281887e-01
9.700000e+01  -6.302500e-01 -6.088716e-01
9.733333e+01  -7.298370e-01 -5.861720e-01
9.766667e+01  -8.253693e-01 -5.602158e-01
9.800000e+01  -9.163162e-01 -5.311474e-01
9.833333e+01  -1.002173e+00 -4.991281e-01
9.866667e+01  -1.082461e+00 -4.643359e-01
9.900000e+01  -1.156736e+00 -4.269640e-01
9.933333e+01  -1.224585e+00 -3.872201e-01
9.966667e+01  -1.285630e+00 -3.453250e-01
1.000000e+02  -1.339533e+00 -3.015114e-01
1.003333e+02  -1.385994e+00 -2.560228e-01
1.006667e+02  -1.424756e+00 -2.091118e-01
1.010000e+02  -1.455602e+00 -1.610391e-01
1.013333e+02  -1.478361e+00 -1.120717e-01
1.016667e+02  -1.492907e+00 -6.248169e-02
1.020000e+02  -1.499159e+00 -1.254456e-02
1.023333e+02  -1.497083e+00 3.746225e-02
1.026667e+02  -1.486689e+00 8.726095e-02
1.030000e+02  -1.468036e+00 1.365749e-01
1.033333e+02  -1.441227e+00 1.851300e-01
1.036667e+02  -1.406412e+00 2.326567e-01
1.040000e+02  -1.363783e+00 2.788908e-01
1.043333e+02  -1.313577e+00 3.235755e-01
1.046667e+02  -1.256074e+00 3.664626e-01
1.050000e+02  -1.191593e+00 4.073138e-01
1.053333e+02  -1.120491e+00 4.459021e-01
1.056667e+02  -1.043165e+00 4.820132e-01
1.060000e+02  -9.600435e-01 5.154465e-01
1.063333e+02  -8.715883e-01 5.460161e-01
1.066667e+02  -7.782909e-01 5.735524e-01
1.070000e+02  -6.806697e-01 5.979022e-01
1.073333e+02  -5.792670e-01 6.189304e-01
1.076667e+02  -4.746461e-01 6.365200e-01
1.080000e+02  -3.673883e-01 6.505734e-01
1.083333e+02  -2.580895e-01 6.610126e-01
1.086667e+02  -1.473568e-01 6.677794e-01
1.090000e+02  -3.580552e-02 6.708363e-01
1.093333e+02  7.594471e-02 6.701664e-01
1.096667e+02  1.872730e-01 6.657734e-01
1.100000e+02  2.975609e-01 6.576816e-01
1.103333e+02  4.061957e-01 6.459360e-01
1.106667e+02  5.125739e-01 6.306018e-01
1.110000e+02  6.161044e-01 6.117644e-01
1.113333e+02  7.162121e-01 5.895282e-01
1.116667e+02  8.123409e-01 5.640169e-01
1.120000e+02  9.039566e-01 5.353722e-01
1.123333e+02  9.905504e-01 5.037531e-01
1.126667e+02  1.071641e+00 4.693355e-01
1.130000e+02  1.146778e+00 4.323104e-01
1.133333e+02  1.215544e+00 3.928836e-01
1.136667e+02  1.277558e+00 3.512741e-01
1.140000e+02  1.332473e+00 3.077131e-01
1.143333e+02  1.379986e+00 2.624425e-01
1.146667e+02  1.419833e+00 2.157140e-01
1.150000e+02  1.451791e+00 1.677870e-01
1.153333e+02  1.475684e+00 1.189279e-01
1.156667e+02  1.491379e+00 6.940812e-02
1.160000e+02  1.498788e+00 1.950270e-02
1.163333e+02  1.497870e+00 -3.051106e-02
1.166667e+02  1.488632e+00 -8.035533e-02
1.170000e+02  1.471122e+00 -1.297532e-01
1.173333e+02  1.445441e+00 -1.784302e-01
1.176667e+02  1.411728e+00 -2.261159e-01
1.180000e+02  1.370173e+00 -2.725454e-01
1.183333e+02  1.321006e+00 -3.174608e-01
1.186667e+02  1.264500e+00 -3.606125e-01
1.190000e+02  1.200969e+00 -4.017608e-01
1.193333e+02  1.130766e+00 -4.406770e-01
1.196667e+02  1.054281e+00 -4.771451e-01
1.200000e+02  9.719383e-01 -5.109624e-01
1.203333e+02  8.841963e-01 -5.419410e-01
1.206667e+02  7.915422e-01 -5.699088e-01
1.210000e+02  6.944905e-01 -5.947105e-01
1.213333e+02  5.935807e-01 -6.162082e-01
1.216667e+02  4.893731e-01 -6.342825e-01
1.220000e+02  3.824468e-01 -6.488331e-01
1.223333e+02  2.733958e-01 -6.597790e-01
1.226667e+02  1.628259e-01 -6.670595e-01
1.230000e+02  5.135145e-02 -6.706341e-01
1.233333e+02  -6.040830e-02 -6.704829e-01
1.236667e+02  -1.718324e-01 -6.666068e-01
1.240000e+02  -2.823020e-01 -6.590274e-01
1.243333e+02  -3.912031e-01 -6.477867e-01
1.246667e+02  -4.979310e-01 -6.329472e-01
1.250000e+02  -6.018925e-01 -6.145913e-01
1.253333e+02  -7.025102e-01 -5.928210e-01
1.256667e+02  -7.992251e-01 -5.677573e-01
1.260000e+02  -8.914998e-01 -5.395394e-01
1.263333e+02  -9.788217e-01 -5.083240e-01
1.266667e+02  -1.060706e+00 -4.742846e-01
1.270000e+02  -1.136697e+00 -4.376103e-01
1.273333e+02  -1.206373e+00 -3.985048e-01
1.276667e+02  -1.269347e+00 -3.571854e-01
1.280000e+02  -1.325270e+00 -3.138816e-01
1.283333e+02  -1.373829e+00 -2.688341e-01
1.286667e+02  -1.414757e+00 -2.222930e-01
1.290000e+02  -1.447824e+00 -1.745170e-01
1.293333e+02  -1.472848e+00 -1.257714e-01
1.296667e+02  -1.489690e+00 -7.632708e-02
1.300000e+02  -1.498255e+00 -2.645874e-02
1.303333e+02  -1.498497e+00 2.355659e-02
1.306667e+02  -1.490414e+00 7.344106e-02
1.310000e+02  -1.474051e+00 1.229175e-01
1.313333e+02  -1.449498e+00 1.717111e-01
1.316667e+02  -1.416893e+00 2.195507e-01
1.320000e+02  -1.376416e+00 2.661706e-01
1.323333e+02  -1.328293e+00 3.113118e-01
1.326667e+02  -1.272790e+00 3.547235e-01
1.330000e+02  -1.210216e+00 3.961645e-01
1.333333e+02  -1.140918e+00 4.354045e-01
1.336667e+02  -1.065283e+00 4.722257e-01
1.340000e+02  -9.837285e-01 5.064234e-01
1.343333e+02  -8.967092e-01 5.378076e-01
1.346667e+02  -8.047083e-01 5.662040e-01
1.350000e+02  -7.082367e-01 5.914548e-01
1.353333e+02  -6.078305e-01 6.134198e-01
1.356667e+02  -5.040474e-01 6.319768e-01
1.360000e+02  -3.974641e-01 6.470229e-01
1.363333e+02  -2.886727e-01 6.584745e-01
1.366667e+02  -1.782775e-01 6.662678e-01
1.370000e+02  -6.689185e-02 6.703596e-01
1.373333e+02  4.486539e-02 6.707272e-01
1.376667e+02  1.563734e-01 6.673686e-01
1.380000e+02  2.670126e-01 6.603023e-01
1.383333e+02  3.761685e-01 6.495677e-01
1.386667e+02  4.832345e-01 6.352244e-01
1.390000e+02  5.876159e-01 6.173521e-01
1.393333e+02  6.887327e-01 5.960501e-01
1.396667e+02  7.860233e-01 5.714366e-01
1.400000e+02  8.789470e-01 5.436485e-01
1.403333e+02  9.669877e-01 5.128401e-01
1.406667e+02  1.049656e+00 4.791827e-01
1.410000e+02  1.126493e+00 4.428630e-01
1.413333e+02  1.197072e+00 4.040831e-01
1.416667e+02  1.261001e+00 3.630582e-01
1.420000e+02  1.317924e+00 3.200164e-01
1.423333e+02  1.367525e+00 2.751967e-01
1.426667e+02  1.409528e+00 2.288481e-01
1.430000e+02  1.443701e+00 1.812281e-01
1.433333e+02  1.469854e+00 1.326013e-01
1.436667e+02  1.487840e+00 8.323783e-02
1.440000e+02  1.497561e+00 3.341194e-02
1.443333e+02  1.498962e+00 -1.659959e-02
1.446667e+02  1.492036e+00 -6.651889e-02
1.450000e+02  1.476820e+00 -1.160686e-01
1.453333e+02  1.453400e+00 -1.649736e-01
1.456667e+02  1.421905e+00 -2.129620e-01
1.460000e+02  1.382511e+00 -2.597673e-01
1.463333e+02  1.335437e+00 -3.051294e-01
1.466667e+02  1.280943e+00 -3.487964e-01
1.470000e+02  1.219333e+00 -3.905256e-01
1.473333e+02  1.150948e+00 -4.300852e-01
1.476667e+02  1.076170e+00 -4.672555e-01
1.480000e+02  9.954128e-01 -5.018299e-01
1.483333e+02  9.091257e-01 -5.336163e-01
1.486667e+02  8.177878e-01 -5.624382e-01
1.490000e+02  7.219066e-01 -5.881355e-01
1.493333e+02  6.220149e-01 -6.105653e-01
1.496667e+02  5.186675e-01 -6.296032e-01
1.500000e+02  4.124387e-01 -6.451432e-01
1.503333e+02  3.039185e-01 -6.570991e-01
1.506667e+02  1.937098e-01 -6.654044e-01
1.510000e+02  8.242506e-02 -6.700131e-01
1.513333e+02  -2.931765e-02 -6.708994e-01
1.516667e+02  -1.408975e-01 -6.680585e-01
1.520000e+02  -2.516945e-01 -6.615062e-01
1.523333e+02  -3.610933e-01 -6.512789e-01
1.526667e+02  -4.684860e-01 -6.374334e-01
1.530000e+02  -5.732760e-01 -6.200465e-01
1.533333e+02  -6.748811e-01 -5.992150e-01
1.536667e+02  -7.727369e-01 -5.750544e-01
1.540000e+02  -8.662997e-01 -5.476992e-01
1.543333e+02  -9.550497e-01 -5.173011e-01
1.546667e+02  -1.038494e+00 -4.840292e-01
1.550000e+02  -1.116169e+00 -4.480682e-01
1.553333e+02  -1.187643e+00 -4.096179e-01
1.556667e+02  -1.252518e+00 -3.688920e-01
1.560000e+02  -1.310436e+00 -3.261167e-01
1.563333e+02  -1.361073e+00 -2.815296e-01
1.566667e+02  -1.404149e+00 -2.353785e-01
1.570000e+02  -1.439423e+00 -1.879197e-01
1.573333e+02  -1.466702e+00 -1.394170e-01
1.576667e+02  -1.485831e+00 -9.013963e-02
1.580000e+02  -1.496706e+00 -4.036153e-02
1.583333e+02  -1.499266e+00 9.640793e-03
1.586667e+02  -1.493497e+00 5.958956e-02
1.590000e+02  -1.479431e+00 1.092073e-01
1.593333e+02  -1.457145e+00 1.582183e-01
1.596667e+02  -1.426765e+00 2.063503e-01
1.600000e+02  -1.388457e+00 2.533359e-01
1.603333e+02  -1.342437e+00 2.989141e-01
1.606667e+02  -1.288958e+00 3.428317e-01
1.610000e+02  -1.228318e+00 3.848447e-01
1.613333e+02  -1.160854e+00 4.247196e-01
1.616667e+02  -1.086942e+00 4.622349e-01
1.620000e+02  -1.006990e+00 4.971823e-01
1.623333e+02  -9.214443e-01 5.293676e-01
1.626667e+02  -8.307793e-01 5.586120e-01
1.630000e+02  -7.354989e-01 5.847529e-01
1.633333e+02  -6.361324e-01 6.076452e-01
1.636667e+02  -5.332318e-01 6.271617e-01
1.640000e+02  -4.273688e-01 6.431940e-01
1.643333e+02  -3.191316e-01 6.556530e-01
1.646667e+02  -2.091214e-01 6.644694e-01
1.650000e+02  -9.794939e-02 6.695944e-01
1.653333e+02  1.376676e-02 6.709994e-01
1.656667e+02  1.254064e-01 6.686766e-01
1.660000e+02  2.363494e-01 6.626390e-01
1.663333e+02  3.459793e-01 6.529200e-01
1.666667e+02  4.536871e-01 6.395737e-01
1.670000e+02  5.588744e-01 6.226742e-01
1.673333e+02  6.609569e-01 6.023154e-01
1.676667e+02  7.593674e-01 5.786104e-01
1.680000e+02  8.535592e-01 5.516909e-01
1.683333e+02  9.430089e-01 5.217065e-01
1.686667e+02  1.027220e+00 4.888236e-01
1.690000e+02  1.105724e+00 4.532251e-01
1.693333e+02  1.178085e+00 4.151087e-01
1.696667e+02  1.243901e+00 3.746861e-01
1.700000e+02  1.302807e+00 3.321820e-01
1.703333e+02  1.354475e+00 2.878323e-01
1.706667e+02  1.398618e+00 2.418836e-01
1.710000e+02  1.434991e+00 1.945912e-01
1.713333e+02  1.463391e+00 1.462176e-01
1.716667e+02  1.483662e+00 9.703173e-02
1.720000e+02  1.495690e+00 4.730679e-02
1.723333e+02  1.499409e+00 -2.680964e-03
1.726667e+02  1.494798e+00 -5.265382e-02
1.730000e+02  1.481882e+00 -1.023342e-01
1.733333e+02  1.460734e+00 -1.514460e-01
1.736667e+02  1.431470e+00 -1.997164e-01
1.740000e+02  1.394254e+00 -2.468773e-01
1.743333e+02  1.349292e+00 -2.926667e-01
1.746667e+02  1.296834e+00 -3.368302e-01
1.750000e+02  1.237172e+00 -3.791223e-01
1.753333e+02  1.170636e+00 -4.193083e-01
1.756667e+02  1.097596e+00 -4.571647e-01
1.760000e+02  1.018459e+00 -4.924813e-01
1.763333e+02  9.336638e-01 -5.250620e-01
1.766667e+02  8.436815e-01 -5.547256e-01
1.770000e+02  7.490121e-01 -5.813074e-01
1.773333e+02  6.501815e-01 -6.046597e-01
1.776667e+02  5.477387e-01 -6.246528e-01
1.780000e+02  4.422530e-01 -6.411756e-01
1.783333e+02  3.343104e-01 -6.541364e-01
1.786667e+02  2.245104e-01 -6.634630e-01
1.790000e+02  1.134632e-01 -6.691037e-01
1.793333e+02  1.785615e-03 -6.710272e-01
1.796667e+02  -1.099019e-01 -6.692228e-01
1.800000e+02  -2.209788e-01 -6.637004e-01
1.803333e+02  -3.308281e-01 -6.544909e-01
1.806667e+02  -4.388394e-01 -6.416452e-01
1.810000e+02  -5.444128e-01 -6.252349e-01
1.813333e+02  -6.469616e-01 -6.053510e-01
1.816667e+02  -7.459162e-01 -5.821041e-01
1.820000e+02  -8.407268e-01 -5.556233e-01
1.823333e+02  -9.308667e-01 -5.260557e-01
1.826667e+02  -1.015835e+00 -4.935655e-01
1.830000e+02  -1.095160e+00 -4.583333e-01
1.833333e+02  -1.168401e+00 -4.205548e-01
1.836667e+02  -1.235150e+00 -3.804399e-01
1.840000e+02  -1.295038e+00 -3.382115e-01
1.843333e+02  -1.347731e+00 -2.941041e-01
1.846667e+02  -1.392936e+00 -2.483628e-01
1.850000e+02  -1.430403e+00 -2.012416e-01
1.853333e+02  -1.459924e+00 -1.530025e-01
1.856667e+02  -1.481333e+00 -1.039134e-01
1.860000e+02  -1.494514e+00 -5.424696e-02
1.863333e+02  -1.499391e+00 -4.279155e-03
1.866667e+02  -1.495938e+00 4.571242e-02
1.870000e+02  -1.484174e+00 9.545004e-02
1.873333e+02  -1.464165e+00 1.446574e-01
1.876667e+02  -1.436022e+00 1.930611e-01
1.880000e+02  -1.399901e+00 2.403922e-01
1.883333e+02  -1.356003e+00 2.863878e-01
1.886667e+02  -1.304571e+00 3.307924e-01
1.890000e+02  -1.245892e+00 3.733592e-01
1.893333e+02  -1.180291e+00 4.138518e-01
1.896667e+02  -1.108133e+00 4.520453e-01
1.900000e+02  -1.029818e+00 4.877274e-01
1.903333e+02  -9.457828e-01 5.206998e-01
1.906667e+02  -8.564929e-01 5.507795e-01
1.910000e+02  -7.624446e-01 5.777994e-01
1.913333e+02  -6.641606e-01 6.016092e-01
1.916667e+02  -5.621867e-01 6.220767e-01
1.920000e+02  -4.570897e-01 6.390883e-01
1.923333e+02  -3.494532e-01 6.525494e-01
1.926667e+02  -2.398753e-01 6.623852e-01
1.930000e+02  -1.289648e-01 6.685411e-01
1.933333e+02  -1.733780e-02 6.709828e-01
1.936667e+02  9.438552e-02 6.696969e-01
1.940000e+02  2.055845e-01 6.646905e-01
1.943333e+02  3.156413e-01 6.559913e-01
1.946667e+02  4.239445e-01 6.436477e-01
1.950000e+02  5.298925e-01 6.277283e-01
1.953333e+02  6.328967e-01 6.083215e-01
1.956667e+02  7.323847e-01 5.855352e-01
1.960000e+02  8.278040e-01 5.594959e-01
1.963333e+02  9.186244e-01 5.303483e-01
1.966667e+02  1.004341e+00 4.982543e-01
1.970000e+02  1.084478e+00 4.633922e-01
1.973333e+02  1.158591e+00 4.259557e-01
1.976667e+02  1.226266e+00 3.861528e-01
1.980000e+02  1.287130e+00 3.442046e-01
1.983333e+02  1.340842e+00 3.003442e-01
1.986667e+02  1.387105e+00 2.548151e-01
1.990000e+02  1.425662e+00 2.078705e-01
1.993333e+02  1.456299e+00 1.597710e-01
1.996667e+02  1.478845e+00 1.107839e-01
2.000000e+02  1.493176e+00 6.118129e-02
2.003333e+02  1.499211e+00 1.123881e-02
2.006667e+02  1.496917e+00 -3.876610e-02
2.010000e+02  1.486307e+00 -8.855565e-02
2.013333e+02  1.467439e+00 -1.378532e-01
2.016667e+02  1.440420e+00 -1.863849e-01
2.020000e+02  1.405397e+00 -2.338812e-01
2.023333e+02  1.362567e+00 -2.800781e-01
2.026667e+02  1.312168e+00 -3.247190e-01
2.030000e+02  1.254478e+00 -3.675559e-01
2.033333e+02  1.189819e+00 -4.083509e-01
2.036667e+02  1.118550e+00 -4.468772e-01
2.040000e+02  1.041067e+00 -4.829209e-01
2.043333e+02  9.578001e-01 -5.162817e-01
2.046667e+02  8.692121e-01 -5.467742e-01
2.050000e+02  7.757952e-01 -5.742292e-01
2.053333e+02  6.780682e-01 -5.984939e-01
2.056667e+02  5.765743e-01 -6.194337e-01
2.060000e+02  4.718771e-01 -6.369322e-01
2.063333e+02  3.645584e-01 -6.508922e-01
2.066667e+02  2.552144e-01 -6.612361e-01
2.070000e+02  1.444525e-01 -6.679065e-01
2.073333e+02  3.288811e-02 -6.708663e-01
2.076667e+02  -7.885900e-02 -6.700990e-01
2.080000e+02  -1.901680e-01 -6.656090e-01
2.083333e+02  -3.004205e-01 -6.574211e-01
2.086667e+02  -4.090040e-01 -6.455810e-01
2.090000e+02  -5.153153e-01 -6.301542e-01
2.093333e+02  -6.187637e-01 -6.112266e-01
2.096667e+02  -7.187745e-01 -5.889033e-01
2.100000e+02  -8.147921e-01 -5.633083e-01
2.103333e+02  -9.062832e-01 -5.345838e-01
2.106667e+02  -9.927393e-01 -5.028894e-01
2.110000e+02  -1.073680e+00 -4.684012e-01
2.113333e+02  -1.148656e+00 -4.313108e-01
2.116667e+02  -1.217251e+00 -3.918241e-01
2.120000e+02  -1.279083e+00 -3.501607e-01
2.123333e+02  -1.333809e+00 -3.065519e-01
2.126667e+02  -1.381125e+00 -2.612401e-01
2.130000e+02  -1.420768e+00 -2.144770e-01
2.133333e+02  -1.452518e+00 -1.665223e-01
2.136667e+02  -1.476198e+00 -1.176424e-01
2.140000e+02  -1.491678e+00 -6.810904e-02
2.143333e+02  -1.498870e+00 -1.819726e-02
2.146667e+02  -1.497735e+00 3.181561e-02
2.150000e+02  -1.488279e+00 8.165173e-02
2.153333e+02  -1.470555e+00 1.310342e-01
2.156667e+02  -1.444662e+00 1.796888e-01
2.160000e+02  -1.410742e+00 2.273450e-01
2.163333e+02  -1.368985e+00 2.737383e-01
2.166667e+02  -1.319623e+00 3.186107e-01
2.170000e+02  -1.262929e+00 3.617131e-01
2.173333e+02  -1.199219e+00 4.028060e-01
2.176667e+02  -1.128847e+00 4.416611e-01
2.180000e+02  -1.052204e+00 4.780625e-01
2.183333e+02  -9.697143e-01 5.118080e-01
2.186667e+02  -8.818378e-01 5.427101e-01
2.190000e+02  -7.890622e-01 5.705972e-01
2.193333e+02  -6.919029e-01 5.953143e-01
2.196667e+02  -5.908998e-01 6.167240e-01
2.200000e+02  -4.866138e-01 6.347076e-01
2.203333e+02  -3.796244e-01 6.491650e-01
2.206667e+02  -2.705260e-01 6.600159e-01
2.210000e+02  -1.599247e-01 6.672000e-01
2.213333e+02  -4.843489e-02 6.706775e-01
2.216667e+02  6.332399e-02 6.704290e-01
2.220000e+02  1.747311e-01 6.664559e-01
2.223333e+02  2.851674e-01 6.587803e-01
2.226667e+02  3.940195e-01 6.474448e-01
2.230000e+02  5.006826e-01 6.325123e-01
2.233333e+02  6.045641e-01 6.140659e-01
2.236667e+02  7.050869e-01 5.922080e-01
2.240000e+02  8.016926e-01 5.670601e-01
2.243333e+02  8.938444e-01 5.387619e-01
2.246667e+02  9.810305e-01 5.074705e-01
2.250000e+02  1.062766e+00 4.733598e-01
2.253333e+02  1.138598e+00 4.366194e-01
2.256667e+02  1.208104e+00 3.974533e-01
2.260000e+02  1.270898e+00 3.560791e-01
2.263333e+02  1.326632e+00 3.127267e-01
2.266667e+02  1.374996e+00 2.676370e-01
2.270000e+02  1.415721e+00 2.210604e-01
2.273333e+02  1.448580e+00 1.732556e-01
2.276667e+02  1.473392e+00 1.244883e-01
2.280000e+02  1.490019e+00 7.502946e-02
2.283333e+02  1.498367e+00 2.515375e-02
2.286667e+02  1.498392e+00 -2.486170e-02
2.290000e+02  1.490092e+00 -7.473903e-02
2.293333e+02  1.473513e+00 -1.242011e-01
2.296667e+02  1.448749e+00 -1.729732e-01
2.300000e+02  1.415936e+00 -2.207844e-01
2.303333e+02  1.375256e+00 -2.673690e-01
2.306667e+02  1.326936e+00 -3.124681e-01
2.310000e+02  1.271245e+00 -3.558314e-01
2.313333e+02  1.208491e+00 -3.972178e-01
2.316667e+02  1.139023e+00 -4.363974e-01
2.320000e+02  1.063227e+00 -4.731526e-01
2.323333e+02  9.815243e-01 -5.072792e-01
2.326667e+02  8.943687e-01 -5.385876e-01
2.330000e+02  8.022444e-01 -5.669038e-01
2.333333e+02  7.056632e-01 -5.920705e-01
2.336667e+02  6.051617e-01 -6.139480e-01
2.340000e+02  5.012981e-01 -6.324147e-01
2.343333e+02  3.946496e-01 -6.473679e-01
2.346667e+02  2.858085e-01 -6.587246e-01
2.350000e+02  1.753797e-01 -6.664218e-01
2.353333e+02  6.397645e-02 -6.704166e-01
2.356667e+02  -4.778217e-02 -6.706869e-01
2.360000e+02  -1.592753e-01 -6.672311e-01
2.363333e+02  -2.698836e-01 -6.600685e-01
2.366667e+02  -3.789926e-01 -6.492389e-01
2.370000e+02  -4.859960e-01 -6.348024e-01
2.373333e+02  -5.902995e-01 -6.168392e-01
2.376667e+02  -6.913235e-01 -5.954491e-01
2.380000e+02  -7.885068e-01 -5.707509e-01
2.383333e+02  -8.813096e-01 -5.428819e-01
2.386667e+02  -9.692162e-01 -5.119969e-01
2.390000e+02  -1.051738e+00 -4.782675e-01
2.393333e+02  -1.128417e+00 -4.418811e-01
2.396667e+02  -1.198827e+00 -4.030397e-01
2.400000e+02  -1.262577e+00 -3.619592e-01
2.403333e+02  -1.319313e+00 -3.188679e-01
2.406667e+02  -1.368719e+00 -2.740051e-01
2.410000e+02  -1.410521e+00 -2.276200e-01
2.413333e+02  -1.444487e+00 -1.799703e-01
2.416667e+02  -1.470428e+00 -1.313208e-01
2.420000e+02  -1.488200e+00 -8.194181e-02
2.423333e+02  -1.497704e+00 -3.210754e-02
2.426667e+02  -1.498887e+00 1.790511e-02
2.430000e+02  -1.491744e+00 6.781828e-02
2.433333e+02  -1.476313e+00 1.173547e-01
2.436667e+02  -1.452680e+00 1.662391e-01
2.440000e+02  -1.420977e+00 2.142000e-01
2.443333e+02  -1.381379e+00 2.609709e-01
2.446667e+02  -1.334107e+00 3.062919e-01
2.450000e+02  -1.279423e+00 3.499114e-01
2.453333e+02  -1.217632e+00 3.915868e-01
2.456667e+02  -1.149076e+00 4.310868e-01
2.460000e+02  -1.074136e+00 4.681919e-01
2.463333e+02  -9.932286e-01 5.026959e-01
2.466667e+02  -9.068033e-01 5.344071e-01
2.470000e+02  -8.153403e-01 5.631494e-01
2.473333e+02  -7.193476e-01 5.887631e-01
2.476667e+02  -6.193585e-01 6.111059e-01
2.480000e+02  -5.159285e-01 6.300537e-01
2.483333e+02  -4.096323e-01 6.455012e-01
2.486667e+02  -3.010603e-01 6.573625e-01
2.490000e+02  -1.908158e-01 6.655719e-01
2.493333e+02  -7.951114e-02 6.700836e-01
2.496667e+02  3.223521e-02 6.708726e-01
2.500000e+02  1.438025e-01 6.679346e-01
2.503333e+02  2.545708e-01 6.612858e-01
2.506667e+02  3.639249e-01 6.509632e-01
2.510000e+02  4.712572e-01 6.370241e-01
2.513333e+02  5.759714e-01 6.195460e-01
2.516667e+02  6.774857e-01 5.986260e-01
2.520000e+02  7.752362e-01 5.743803e-01
2.523333e+02  8.686799e-01 5.469436e-01
2.526667e+02  9.572976e-01 5.164683e-01
2.530000e+02  1.040597e+00 4.831238e-01
2.533333e+02  1.118115e+00 4.470952e-01
2.536667e+02  1.189422e+00 4.085828e-01
2.540000e+02  1.254120e+00 3.678004e-01
2.543333e+02  1.311852e+00 3.249747e-01
2.546667e+02  1.362295e+00 2.803437e-01
2.550000e+02  1.405170e+00 2.341551e-01
2.553333e+02  1.440238e+00 1.866657e-01
2.556667e+02  1.467305e+00 1.381392e-01
2.560000e+02  1.486220e+00 8.884534e-02
2.563333e+02  1.496879e+00 3.905787e-02
2.566667e+02  1.499222e+00 -1.094660e-02
2.570000e+02  1.493235e+00 -6.089024e-02
2.573333e+02  1.478953e+00 -1.104956e-01
2.576667e+02  1.456455e+00 -1.594871e-01
2.580000e+02  1.425865e+00 -2.075926e-01
2.583333e+02  1.387353e+00 -2.545448e-01
2.586667e+02  1.341134e+00 -3.000828e-01
2.590000e+02  1.287464e+00 -3.439537e-01
2.593333e+02  1.226642e+00 -3.859138e-01
2.596667e+02  1.159005e+00 -4.257298e-01
2.600000e+02  1.084929e+00 -4.631808e-01
2.603333e+02  1.004826e+00 -4.980585e-01
2.606667e+02  9.191404e-01 -5.301692e-01
2.610000e+02  8.283484e-01 -5.593345e-01
2.613333e+02  7.329545e-01 -5.853924e-01
2.616667e+02  6.334887e-01 -6.081981e-01
2.620000e+02  5.305034e-01 -6.276250e-01
2.623333e+02  4.245709e-01 -6.435650e-01
2.626667e+02  3.162797e-01 -6.559297e-01
2.630000e+02  2.062313e-01 -6.646503e-01
2.633333e+02  9.503727e-02 -6.696785e-01
2.636667e+02  -1.668478e-02 -6.709861e-01
2.640000e+02  -1.283141e-01 -6.685661e-01
2.643333e+02  -2.392306e-01 -6.624319e-01
2.646667e+02  -3.488181e-01 -6.526174e-01
2.650000e+02  -4.564676e-01 -6.391773e-01
2.653333e+02  -5.615813e-01 -6.221863e-01
2.656667e+02  -6.635750e-01 -6.017386e-01
2.660000e+02  -7.618822e-01 -5.779479e-01
2.663333e+02  -8.559568e-01 -5.509464e-01
2.666667e+02  -9.452760e-01 -5.208841e-01
2.670000e+02  -1.029344e+00 -4.879280e-01
2.673333e+02  -1.107693e+00 -4.522612e-01
2.676667e+02  -1.179888e+00 -4.140819e-01
2.680000e+02  -1.245528e+00 -3.736020e-01
2.683333e+02  -1.304249e+00 -3.310466e-01
2.686667e+02  -1.355724e+00 -2.866521e-01
2.690000e+02  -1.399667e+00 -2.406650e-01
2.693333e+02  -1.435834e+00 -1.933410e-01
2.696667e+02  -1.464025e+00 -1.449428e-01
2.700000e+02  -1.484081e+00 -9.573932e-02
2.703333e+02  -1.495893e+00 -4.600400e-02
2.706667e+02  -1.499395e+00 3.986903e-03
2.710000e+02  -1.494566e+00 5.395565e-02
2.713333e+02  -1.481434e+00 1.036246e-01
2.716667e+02  -1.460073e+00 1.527180e-01
2.720000e+02  -1.430599e+00 2.009628e-01
2.723333e+02  -1.393178e+00 2.480912e-01
2.726667e+02  -1.348017e+00 2.938414e-01
2.730000e+02  -1.295367e+00 3.379590e-01
2.733333e+02  -1.235520e+00 3.801992e-01
2.736667e+02  -1.168810e+00 4.203271e-01
2.740000e+02  -1.095606e+00 4.581198e-01
2.743333e+02  -1.016315e+00 4.933675e-01
2.746667e+02  -9.313786e-01 5.258742e-01
2.750000e+02  -8.412675e-01 5.554594e-01
2.753333e+02  -7.464826e-01 5.819587e-01
2.756667e+02  -6.475507e-01 6.052249e-01
2.760000e+02  -5.450212e-01 6.251287e-01
2.763333e+02  -4.394638e-01 6.415596e-01
2.766667e+02  -3.314650e-01 6.544263e-01
2.770000e+02  -2.216247e-01 6.636573e-01
2.773333e+02  -1.105532e-01 6.692013e-01
2.776667e+02  1.132562e-03 6.710275e-01
2.780000e+02  1.128120e-01 6.691258e-01
2.783333e+02  2.238647e-01 6.635067e-01
2.786667e+02  3.336737e-01 6.542015e-01
2.790000e+02  4.416290e-01 6.412618e-01
2.793333e+02  5.471308e-01 6.247595e-01
2.796667e+02  6.495929e-01 6.047864e-01
2.800000e+02  7.484462e-01 5.814533e-01
2.803333e+02  8.431415e-01 5.548900e-01
2.806667e+02  9.331527e-01 5.252439e-01
2.810000e+02  1.017980e+00 4.926798e-01
2.813333e+02  1.097151e+00 4.573786e-01
2.816667e+02  1.170227e+00 4.195364e-01
2.820000e+02  1.236802e+00 3.793634e-01
2.823333e+02  1.296506e+00 3.370829e-01
2.826667e+02  1.349007e+00 2.929297e-01
2.830000e+02  1.394014e+00 2.471491e-01
2.833333e+02  1.431276e+00 1.999954e-01
2.836667e+02  1.460586e+00 1.517307e-01
2.840000e+02  1.481783e+00 1.026230e-01
2.843333e+02  1.494747e+00 5.294517e-02
2.846667e+02  1.499406e+00 2.973218e-03
2.850000e+02  1.495736e+00 -4.701526e-02
2.853333e+02  1.483756e+00 -9.674254e-02
2.856667e+02  1.463534e+00 -1.459324e-01
2.860000e+02  1.435180e+00 -1.943114e-01
2.863333e+02  1.398853e+00 -2.416110e-01
2.866667e+02  1.354755e+00 -2.875683e-01
2.870000e+02  1.303130e+00 -3.319280e-01
2.873333e+02  1.244266e+00 -3.744436e-01
2.876667e+02  1.178489e+00 -4.148791e-01
2.880000e+02  1.106165e+00 -4.530096e-01
2.883333e+02  1.027695e+00 -4.886234e-01
2.886667e+02  9.435166e-01 -5.215226e-01
2.890000e+02  8.540960e-01 -5.515245e-01
2.893333e+02  7.599304e-01 -5.784623e-01
2.896667e+02  6.615430e-01 -6.021865e-01
2.900000e+02  5.594804e-01 -6.225652e-01
2.903333e+02  4.543095e-01 -6.394852e-01
2.906667e+02  3.466147e-01 -6.528525e-01
2.910000e+02  2.369943e-01 -6.625928e-01
2.913333e+02  1.260572e-01 -6.686521e-01
2.916667e+02  1.441978e-02 -6.709967e-01
2.920000e+02  -9.729773e-02 -6.696134e-01
2.923333e+02  -2.084747e-01 -6.645101e-01
2.926667e+02  -3.184935e-01 -6.557151e-01
2.930000e+02  -4.267428e-01 -6.432772e-01
2.933333e+02  -5.326214e-01 -6.272656e-01
2.936667e+02  -6.355410e-01 -6.077692e-01
2.940000e+02  -7.349297e-01 -5.848962e-01
2.943333e+02  -8.302356e-01 -5.587738e-01
2.946667e+02  -9.209290e-01 -5.295472e-01
2.950000e+02  -1.006506e+00 -4.973786e-01
2.953333e+02  -1.086492e+00 -4.624468e-01
2.956667e+02  -1.160441e+00 -4.249458e-01
2.960000e+02  -1.227943e+00 -3.850840e-01
2.963333e+02  -1.288624e+00 -3.430829e-01
2.966667e+02  -1.342146e+00 -2.991758e-01
2.970000e+02  -1.388211e+00 -2.536065e-01
2.973333e+02  -1.426564e+00 -2.066284e-01
2.976667e+02  -1.456991e+00 -1.585023e-01
2.980000e+02  -1.479324e+00 -1.094956e-01
2.983333e+02  -1.493439e+00 -5.988066e-02
2.986667e+02  -1.499257e+00 -9.933019e-03
2.990000e+02  -1.496746e+00 4.006980e-02
2.993333e+02  -1.485919e+00 8.985001e-02
2.996667e+02  -1.466837e+00 1.391311e-01
3.000000e+02  -1.439606e+00 1.876392e-01
3.003333e+02  -1.404378e+00 2.351048e-01
3.006667e+02  -1.361347e+00 2.812643e-01
3.010000e+02  -1.310753e+00 3.258613e-01
3.013333e+02  -1.252877e+00 3.686479e-01
3.016667e+02  -1.188041e+00 4.093864e-01
3.020000e+02  -1.116605e+00 4.478506e-01
3.023333e+02  -1.038965e+00 4.838267e-01
3.026667e+02  -9.555531e-01 5.171149e-01
3.030000e+02  -8.668326e-01 5.475303e-01
3.033333e+02  -7.732965e-01 5.749038e-01
3.036667e+02  -6.754642e-01 5.990834e-01
3.040000e+02  -5.738794e-01 6.199347e-01
3.043333e+02  -4.691063e-01 6.373420e-01
3.046667e+02  -3.617271e-01 6.512085e-01
3.050000e+02  -2.523383e-01 6.614571e-01
3.053333e+02  -1.415476e-01 6.680310e-01
3.056667e+02  -2.997057e-02 6.708936e-01
3.060000e+02  8.177298e-02 6.700291e-01
3.063333e+02  1.930622e-01 6.654421e-01
3.066667e+02  3.032789e-01 6.571582e-01
3.070000e+02  4.118108e-01 6.452235e-01
3.073333e+02  5.180547e-01 6.297042e-01
3.076667e+02  6.214206e-01 6.106865e-01
3.080000e+02  7.213342e-01 5.882762e-01
3.083333e+02  8.172403e-01 5.625976e-01
3.086667e+02  9.086062e-01 5.337935e-01
3.090000e+02  9.949243e-01 5.020238e-01
3.093333e+02  1.075715e+00 4.674652e-01
3.096667e+02  1.150530e+00 4.303095e-01
3.100000e+02  1.218952e+00 3.907632e-01
3.103333e+02  1.280603e+00 3.490460e-01
3.106667e+02  1.335139e+00 3.053897e-01
3.110000e+02  1.382258e+00 2.600367e-01
3.113333e+02  1.421698e+00 2.132391e-01
3.116667e+02  1.453239e+00 1.652568e-01
3.120000e+02  1.476707e+00 1.163565e-01
3.123333e+02  1.491971e+00 6.680970e-02
3.126667e+02  1.498946e+00 1.689175e-02
3.130000e+02  1.497594e+00 -3.312004e-02
3.133333e+02  1.487921e+00 -8.294783e-02
3.136667e+02  1.469983e+00 -1.323148e-01
3.140000e+02  1.443878e+00 -1.809467e-01
3.143333e+02  1.409751e+00 -2.285733e-01
3.146667e+02  1.367792e+00 -2.749301e-01
3.150000e+02  1.318235e+00 -3.197595e-01
3.153333e+02  1.261354e+00 -3.628124e-01
3.156667e+02  1.197465e+00 -4.038497e-01
3.160000e+02  1.126924e+00 -4.426434e-01
3.163333e+02  1.050123e+00 -4.789780e-01
3.166667e+02  9.674867e-01 -5.126516e-01
3.170000e+02  8.794760e-01 -5.434771e-01
3.173333e+02  7.865793e-01 -5.712833e-01
3.176667e+02  6.893127e-01 -5.959158e-01
3.180000e+02  5.882166e-01 -6.172375e-01
3.183333e+02  4.838526e-01 -6.351302e-01
3.186667e+02  3.768006e-01 -6.494944e-01
3.190000e+02  2.676552e-01 -6.602502e-01
3.193333e+02  1.570228e-01 -6.673380e-01
3.196667e+02  4.551814e-02 -6.707184e-01
3.200000e+02  -6.623944e-02 -6.703726e-01
3.203333e+02  -1.776290e-01 -6.663025e-01
3.206667e+02  -2.880318e-01 -6.585307e-01
3.210000e+02  -3.968344e-01 -6.471003e-01
3.213333e+02  -5.034323e-01 -6.320750e-01
3.216667e+02  -6.072334e-01 -6.135382e-01
3.220000e+02  -7.076610e-01 -5.915928e-01
3.223333e+02  -8.041571e-01 -5.663608e-01
3.226667e+02  -8.961857e-01 -5.379823e-01
3.230000e+02  -9.832355e-01 -5.066151e-01
3.233333e+02  -1.064823e+00 -4.724333e-01
3.236667e+02  -1.140495e+00 -4.356269e-01
3.240000e+02  -1.209830e+00 -3.964003e-01
3.243333e+02  -1.272444e+00 -3.549715e-01
3.246667e+02  -1.327990e+00 -3.115707e-01
3.250000e+02  -1.376157e+00 -2.664389e-01
3.253333e+02  -1.416679e+00 -2.198269e-01
3.256667e+02  -1.449331e+00 -1.719936e-01
3.260000e+02  -1.473931e+00 -1.232048e-01
3.263333e+02  -1.490342e+00 -7.373155e-02
3.266667e+02  -1.498474e+00 -2.384867e-02
3.270000e+02  -1.498281e+00 2.616671e-02
3.273333e+02  -1.489764e+00 7.603672e-02
3.276667e+02  -1.472970e+00 1.254843e-01
3.280000e+02  -1.447994e+00 1.742347e-01
3.283333e+02  -1.414973e+00 2.220172e-01
3.286667e+02  -1.374091e+00 2.685663e-01
3.290000e+02  -1.325575e+00 3.136233e-01
3.293333e+02  -1.269695e+00 3.569379e-01
3.296667e+02  -1.206761e+00 3.982696e-01
3.300000e+02  -1.137123e+00 4.373887e-01
3.303333e+02  -1.061167e+00 4.740778e-01
3.306667e+02  -9.793163e-01 5.081331e-01
3.310000e+02  -8.920248e-01 5.393655e-01
3.313333e+02  -7.997775e-01 5.676015e-01
3.316667e+02  -7.030871e-01 5.926840e-01
3.320000e+02  -6.024906e-01 6.144739e-01
3.323333e+02  -4.985469e-01 6.328501e-01
3.326667e+02  -3.918335e-01 6.477104e-01
3.330000e+02  -2.829433e-01 6.589723e-01
3.333333e+02  -1.724812e-01 6.665733e-01
3.336667e+02  -6.106081e-02 6.704711e-01
3.340000e+02  5.069877e-02 6.706440e-01
3.343333e+02  1.621767e-01 6.670911e-01
3.346667e+02  2.727536e-01 6.598322e-01
3.350000e+02  3.818153e-01 6.489076e-01
3.353333e+02  4.887558e-01 6.343779e-01
3.356667e+02  5.929809e-01 6.163238e-01
3.360000e+02  6.939117e-01 5.948458e-01
3.363333e+02  7.909874e-01 5.700631e-01
3.366667e+02  8.836688e-01 5.421133e-01
3.370000e+02  9.714409e-01 5.111518e-01
3.373333e+02  1.053816e+00 4.773506e-01
3.376667e+02  1.130337e+00 4.408974e-01
3.380000e+02  1.200578e+00 4.019948e-01
3.383333e+02  1.264149e+00 3.608589e-01
3.386667e+02  1.320697e+00 3.177182e-01
3.390000e+02  1.369908e+00 2.728124e-01
3.393333e+02  1.411508e+00 2.263910e-01
3.396667e+02  1.445267e+00 1.787119e-01
3.400000e+02  1.470996e+00 1.300399e-01
3.403333e+02  1.488553e+00 8.064547e-02
3.406667e+02  1.497841e+00 3.080302e-02
3.410000e+02  1.498807e+00 -1.921057e-02
3.413333e+02  1.491446e+00 -6.911742e-02
3.416667e+02  1.475799e+00 -1.186403e-01
3.420000e+02  1.451954e+00 -1.675041e-01
3.423333e+02  1.420042e+00 -2.154372e-01
3.426667e+02  1.380241e+00 -2.621735e-01
3.430000e+02  1.332773e+00 -3.074533e-01
3.433333e+02  1.277899e+00 -3.510250e-01
3.436667e+02  1.215927e+00 -3.926466e-01
3.440000e+02  1.147199e+00 -4.320868e-01
3.443333e+02  1.072098e+00 -4.691265e-01
3.446667e+02  9.910406e-01 -5.035600e-01
3.450000e+02  9.044776e-01 -5.351959e-01
3.453333e+02  8.128897e-01 -5.638585e-01
3.456667e+02  7.167858e-01 -5.893886e-01
3.460000e+02  6.166997e-01 -6.116442e-01
3.463333e+02  5.131875e-01 -6.305019e-01
3.466667e+02  4.068243e-01 -6.458567e-01
3.470000e+02  2.982010e-01 -6.576235e-01
3.473333e+02  1.879209e-01 -6.657368e-01
3.476667e+02  7.659692e-02 -6.701516e-01
3.480000e+02  -3.515265e-02 -6.708433e-01
3.483333e+02  -1.467069e-01 -6.678081e-01
3.486667e+02  -2.574462e-01 -6.610628e-01
3.490000e+02  -3.667551e-01 -6.506450e-01
3.493333e+02  -4.740266e-01 -6.366125e-01
3.496667e+02  -5.786646e-01 -6.190432e-01
3.500000e+02  -6.800877e-01 -5.980348e-01
3.503333e+02  -7.777326e-01 -5.737040e-01
3.506667e+02  -8.710568e-01 -5.461860e-01
3.510000e+02  -9.595418e-01 -5.156336e-01
3.513333e+02  -1.042696e+00 -4.822165e-01
3.516667e+02  -1.120057e+00 -4.461205e-01
3.520000e+02  -1.191196e+00 -4.075460e-01
3.523333e+02  -1.255717e+00 -3.667074e-01
3.526667e+02  -1.313262e+00 -3.238315e-01
3.530000e+02  -1.363511e+00 -2.791566e-01
3.533333e+02  -1.406185e+00 -2.329308e-01
3.536667e+02  -1.441047e+00 -1.854109e-01
3.540000e+02  -1.467903e+00 -1.368610e-01
3.543333e+02  -1.486604e+00 -8.755072e-02
3.546667e+02  -1.497046e+00 -3.775405e-02
3.550000e+02  -1.499171e+00 1.225236e-02
3.553333e+02  -1.492968e+00 6.219070e-02
3.556667e+02  -1.478470e+00 1.117835e-01
3.560000e+02  -1.455758e+00 1.607553e-01
3.563333e+02  -1.424959e+00 2.088341e-01
3.566667e+02  -1.386244e+00 2.557526e-01
3.570000e+02  -1.339827e+00 3.012503e-01
3.573333e+02  -1.285966e+00 3.450744e-01
3.576667e+02  -1.224962e+00 3.869814e-01
3.580000e+02  -1.157152e+00 4.267385e-01
3.583333e+02  -1.082913e+00 4.641248e-01
3.586667e+02  -1.002658e+00 4.989327e-01
3.590000e+02  -9.168331e-01 5.309687e-01
3.593333e+02  -8.259144e-01 5.600549e-01
3.596667e+02  -7.304074e-01 5.860297e-01
3.600000e+02  -6.308425e-01 6.087487e-01
3.603333e+02  -5.277730e-01 6.280858e-01
3.606667e+02  -4.217713e-01 6.439336e-01
3.610000e+02  -3.134266e-01 6.562039e-01
3.613333e+02  -2.033405e-01 6.648287e-01
3.616667e+02  -9.212478e-02 6.697600e-01
3.620000e+02  1.960275e-02 6.709703e-01
3.623333e+02  1.312214e-01 6.684531e-01
3.626667e+02  2.421110e-01 6.622223e-01
3.630000e+02  3.516555e-01 6.523124e-01
3.633333e+02  4.592464e-01 6.387786e-01
3.636667e+02  5.642860e-01 6.216960e-01
3.640000e+02  6.661906e-01 6.011595e-01
3.643333e+02  7.643942e-01 5.772832e-01
3.646667e+02  8.583511e-01 5.501999e-01
3.650000e+02  9.475394e-01 5.200598e-01
3.653333e+02  1.031464e+00 4.870306e-01
3.656667e+02  1.109657e+00 4.512956e-01
3.660000e+02  1.181687e+00 4.130534e-01
3.663333e+02  1.247151e+00 3.725165e-01
3.666667e+02  1.305686e+00 3.299100e-01
3.670000e+02  1.356968e+00 2.854707e-01
3.673333e+02  1.400711e+00 2.394455e-01
3.676667e+02  1.436672e+00 1.920900e-01
3.680000e+02  1.464652e+00 1.436674e-01
3.683333e+02  1.484495e+00 9.444654e-02
3.686667e+02  1.496091e+00 4.470103e-02
3.690000e+02  1.499375e+00 -5.292828e-03
3.693333e+02  1.494329e+00 -5.525728e-02
3.696667e+02  1.480981e+00 -1.049147e-01
3.700000e+02  1.459406e+00 -1.539893e-01
3.703333e+02  1.429723e+00 -2.022085e-01
3.706667e+02  1.392096e+00 -2.493042e-01
3.710000e+02  1.346737e+00 -2.950149e-01
3.713333e+02  1.293895e+00 -3.390866e-01
3.716667e+02  1.233865e+00 -3.812745e-01
3.720000e+02  1.166980e+00 -4.213443e-01
3.723333e+02  1.093612e+00 -4.590732e-01
3.726667e+02  1.014168e+00 -4.942517e-01
3.730000e+02  9.290899e-01 -5.266844e-01
3.733333e+02  8.388503e-01 -5.561910e-01
3.736667e+02  7.439504e-01 -5.826077e-01
3.740000e+02  6.449174e-01 -6.057877e-01
3.743333e+02  5.423016e-01 -6.256022e-01
3.746667e+02  4.366730e-01 -6.419412e-01
3.750000e+02  3.286184e-01 -6.547138e-01
3.753333e+02  2.187382e-01 -6.638491e-01
3.756667e+02  1.076427e-01 -6.692963e-01
3.760000e+02  -4.050735e-03 -6.710252e-01
3.763333e+02  -1.157217e-01 -6.690263e-01
3.766667e+02  -2.267498e-01 -6.633105e-01
3.770000e+02  -3.365181e-01 -6.539096e-01
3.773333e+02  -4.444169e-01 -6.408759e-01
3.776667e+02  -5.498467e-01 -6.242818e-01
3.780000e+02  -6.522218e-01 -6.042195e-01
3.783333e+02  -7.509735e-01 -5.808004e-01
3.786667e+02  -8.455530e-01 -5.541546e-01
3.790000e+02  -9.354351e-01 -5.244302e-01
3.793333e+02  -1.020120e+00 -4.917922e-01
3.796667e+02  -1.099138e+00 -4.564221e-01
3.800000e+02  -1.172050e+00 -4.185164e-01
3.803333e+02  -1.238450e+00 -3.782855e-01
3.806667e+02  -1.297970e+00 -3.359530e-01
3.810000e+02  -1.350279e+00 -2.917542e-01
3.813333e+02  -1.395086e+00 -2.459345e-01
3.816667e+02  -1.432143e+00 -1.987484e-01
3.820000e+02  -1.461244e+00 -1.504583e-01
3.823333e+02  -1.482226e+00 -1.013322e-01
3.826667e+02  -1.494974e+00 -5.164319e-02
3.830000e+02  -1.499417e+00 -1.667270e-03
3.833333e+02  -1.495529e+00 4.831791e-02
3.836667e+02  -1.483333e+00 9.803466e-02
3.840000e+02  -1.462896e+00 1.472068e-01
3.843333e+02  -1.434332e+00 1.955611e-01
3.846667e+02  -1.397800e+00 2.428289e-01
3.850000e+02  -1.353502e+00 2.887477e-01
3.853333e+02  -1.301684e+00 3.330624e-01
3.856667e+02  -1.242635e+00 3.755267e-01
3.860000e+02  -1.176682e+00 4.159047e-01
3.863333e+02  -1.104193e+00 4.539722e-01
3.866667e+02  -1.025569e+00 4.895175e-01
3.870000e+02  -9.412468e-01 5.223434e-01
3.873333e+02  -8.516959e-01 5.522673e-01
3.876667e+02  -7.574134e-01 5.791231e-01
3.880000e+02  -6.589230e-01 6.027616e-01
3.883333e+02  -5.567719e-01 6.230513e-01
3.886667e+02  -4.515277e-01 6.398797e-01
3.890000e+02  -3.437749e-01 6.531532e-01
3.893333e+02  -2.341123e-01 6.627980e-01
3.896667e+02  -1.231491e-01 6.687606e-01
3.900000e+02  -1.150171e-02 6.710080e-01
3.903333e+02  1.002096e-01 6.695274e-01
3.906667e+02  2.113641e-01 6.643273e-01
3.910000e+02  3.213444e-01 6.554365e-01
3.913333e+02  4.295395e-01 6.429043e-01
3.916667e+02  5.353483e-01 6.268005e-01
3.920000e+02  6.381828e-01 6.072145e-01
3.923333e+02  7.374720e-01 5.842550e-01
3.926667e+02  8.326640e-01 5.580497e-01
3.930000e+02  9.232302e-01 5.287441e-01
3.933333e+02  1.008667e+00 4.965010e-01
3.936667e+02  1.088501e+00 4.614996e-01
3.940000e+02  1.162287e+00 4.239343e-01
3.943333e+02  1.229616e+00 3.840138e-01
3.946667e+02  1.290114e+00 3.419599e-01
3.950000e+02  1.343444e+00 2.980062e-01
3.953333e+02  1.389311e+00 2.523970e-01
3.956667e+02  1.427460e+00 2.053855e-01
3.960000e+02  1.457678e+00 1.572330e-01
3.963333e+02  1.479798e+00 1.082070e-01
3.966667e+02  1.493697e+00 5.857980e-02
3.970000e+02  1.499297e+00 8.627189e-03
3.973333e+02  1.496568e+00 -4.137335e-02
3.976667e+02  1.485525e+00 -9.114404e-02
3.980000e+02  1.466229e+00 -1.404084e-01
3.983333e+02  1.438788e+00 -1.888927e-01
3.986667e+02  1.403352e+00 -2.363275e-01
3.990000e+02  1.360121e+00 -2.824495e-01
3.993333e+02  1.309333e+00 -3.270023e-01
3.996667e+02  1.251272e+00 -3.697384e-01
4.000000e+02  1.186258e+00 -4.104204e-01
4.003333e+02  1.114655e+00 -4.488223e-01
4.006667e+02  1.036859e+00 -4.847307e-01
4.010000e+02  9.533024e-01 -5.179462e-01
4.013333e+02  8.644499e-01 -5.482842e-01
4.016667e+02  7.707949e-01 -5.755762e-01
4.020000e+02  6.728576e-01 -5.996705e-01
4.023333e+02  5.711823e-01 -6.204334e-01
4.026667e+02  4.663337e-01 -6.377494e-01
4.030000e+02  3.588944e-01 -6.515223e-01
4.033333e+02  2.494613e-01 -6.616757e-01
4.036667e+02  1.386422e-01 -6.681530e-01
4.040000e+02  2.705293e-02 -6.709185e-01
4.043333e+02  -8.468666e-02 -6.699566e-01
4.046667e+02  -1.959558e-01 -6.652727e-01
4.050000e+02  -3.061362e-01 -6.568929e-01
4.053333e+02  -4.146159e-01 -6.448636e-01
4.056667e+02  -5.207922e-01 -6.292518e-01
4.060000e+02  -6.240752e-01 -6.101441e-01
4.063333e+02  -7.238911e-01 -5.876468e-01
4.066667e+02  -8.196854e-01 -5.618847e-01
4.070000e+02  -9.109259e-01 -5.330011e-01
4.073333e+02  -9.971057e-01 -5.011563e-01
4.076667e+02  -1.077746e+00 -4.665274e-01
4.080000e+02  -1.152399e+00 -4.293066e-01
4.083333e+02  -1.220649e+00 -3.897008e-01
4.086667e+02  -1.282119e+00 -3.479300e-01
4.090000e+02  -1.336465e+00 -3.042262e-01
4.093333e+02  -1.383387e+00 -2.588323e-01
4.096667e+02  -1.422623e+00 -2.120004e-01
4.100000e+02  -1.453955e+00 -1.639908e-01
4.103333e+02  -1.477210e+00 -1.150701e-01
4.106667e+02  -1.492259e+00 -6.551011e-02
4.110000e+02  -1.499017e+00 -1.558618e-02
4.113333e+02  -1.497447e+00 3.442434e-02
4.116667e+02  -1.487558e+00 8.424361e-02
4.120000e+02  -1.469405e+00 1.335949e-01
4.123333e+02  -1.443088e+00 1.822039e-01
4.126667e+02  -1.408754e+00 2.298007e-01
4.130000e+02  -1.366594e+00 2.761209e-01
4.133333e+02  -1.316842e+00 3.209070e-01
4.136667e+02  -1.259774e+00 3.639103e-01
4.140000e+02  -1.195707e+00 4.048919e-01
4.143333e+02  -1.124997e+00 4.436241e-01
4.146667e+02  -1.048038e+00 4.798917e-01
4.150000e+02  -9.652555e-01 5.134933e-01
4.153333e+02  -8.771109e-01 5.442421e-01
4.156667e+02  -7.840934e-01 5.719674e-01
4.160000e+02  -6.867199e-01 5.965150e-01
4.163333e+02  -5.855312e-01 6.177487e-01
4.166667e+02  -4.810897e-01 6.355504e-01
4.170000e+02  -3.739753e-01 6.498213e-01
4.173333e+02  -2.647834e-01 6.604821e-01
4.176667e+02  -1.541204e-01 6.674735e-01
4.180000e+02  -4.260123e-02 6.707568e-01
4.183333e+02  6.915464e-02 6.703136e-01
4.186667e+02  1.805263e-01 6.661465e-01
4.190000e+02  2.908951e-01 6.582785e-01
4.193333e+02  3.996477e-01 6.467535e-01
4.196667e+02  5.061801e-01 6.316354e-01
4.200000e+02  6.099004e-01 6.130081e-01
4.203333e+02  7.102324e-01 5.909753e-01
4.206667e+02  8.066186e-01 5.656593e-01
4.210000e+02  8.985236e-01 5.372008e-01
4.213333e+02  9.854368e-01 5.057577e-01
4.216667e+02  1.066875e+00 4.715050e-01
4.220000e+02  1.142387e+00 4.346327e-01
4.223333e+02  1.211552e+00 3.953458e-01
4.226667e+02  1.273986e+00 3.538626e-01
4.230000e+02  1.329342e+00 3.104135e-01
4.233333e+02  1.377313e+00 2.652398e-01
4.236667e+02  1.417633e+00 2.185926e-01
4.240000e+02  1.450076e+00 1.707310e-01
4.243333e+02  1.474464e+00 1.219208e-01
4.246667e+02  1.490660e+00 7.243336e-02
4.250000e+02  1.498575e+00 2.254349e-02
4.253333e+02  1.498164e+00 -2.747162e-02
4.256667e+02  1.489430e+00 -7.733411e-02
4.260000e+02  1.472422e+00 -1.267670e-01
4.263333e+02  1.447233e+00 -1.754956e-01
4.266667e+02  1.414005e+00 -2.232492e-01
4.270000e+02  1.372920e+00 -2.697625e-01
4.273333e+02  1.324209e+00 -3.147772e-01
4.276667e+02  1.268140e+00 -3.580431e-01
4.280000e+02  1.205027e+00 -3.993199e-01
4.283333e+02  1.135219e+00 -4.383782e-01
4.286667e+02  1.059104e+00 -4.750011e-01
4.290000e+02  9.771047e-01 -5.089851e-01
4.293333e+02  8.896775e-01 -5.401414e-01
4.296667e+02  7.973076e-01 -5.682970e-01
4.300000e+02  7.005083e-01 -5.932953e-01
4.303333e+02  5.998172e-01 -6.149975e-01
4.306667e+02  4.957938e-01 -6.332831e-01
4.310000e+02  3.890160e-01 -6.480504e-01
4.313333e+02  2.800770e-01 -6.592175e-01
4.316667e+02  1.695820e-01 -6.667222e-01
4.320000e+02  5.814494e-02 -6.705230e-01
4.323333e+02  -5.361519e-02 -6.705986e-01
4.326667e+02  -1.650775e-01 -6.669486e-01
4.330000e+02  -2.756226e-01 -6.595934e-01
4.333333e+02  -3.846366e-01 -6.485738e-01
4.336667e+02  -4.915136e-01 -6.339510e-01
4.340000e+02  -5.956600e-01 -6.158062e-01
4.343333e+02  -6.964973e-01 -5.942403e-01
4.346667e+02  -7.934650e-01 -5.693731e-01
4.350000e+02  -8.860247e-01 -5.413426e-01
4.353333e+02  -9.736620e-01 -5.103047e-01
4.356667e+02  -1.055890e+00 -4.764318e-01
4.360000e+02  -1.132252e+00 -4.399121e-01
4.363333e+02  -1.202324e+00 -4.009484e-01
4.366667e+02  -1.265716e+00 -3.597572e-01
4.370000e+02  -1.322076e+00 -3.165673e-01
4.373333e+02  -1.371092e+00 -2.716188e-01
4.376667e+02  -1.412490e+00 -2.251612e-01
4.380000e+02  -1.446041e+00 -1.774528e-01
4.383333e+02  -1.471559e+00 -1.287585e-01
4.386667e+02  -1.488901e+00 -7.934883e-02
4.390000e+02  -1.497972e+00 -2.949838e-02
4.393333e+02  -1.498720e+00 2.051595e-02
4.396667e+02  -1.491143e+00 7.041630e-02
4.400000e+02  -1.475281e+00 1.199255e-01
4.403333e+02  -1.451223e+00 1.687683e-01
4.406667e+02  -1.419103e+00 2.166736e-01
4.410000e+02  -1.379099e+00 2.633752e-01
4.413333e+02  -1.331433e+00 3.086136e-01
4.416667e+02  -1.276370e+00 3.521374e-01
4.420000e+02  -1.214217e+00 3.937049e-01
4.423333e+02  -1.145318e+00 4.330852e-01
4.426667e+02  -1.070056e+00 4.700594e-01
4.430000e+02  -9.888488e-01 5.044222e-01
4.433333e+02  -9.021484e-01 5.359827e-01
4.436667e+02  -8.104360e-01 5.645654e-01
4.440000e+02  -7.142213e-01 5.900117e-01
4.443333e+02  -6.140386e-01 6.121802e-01
4.446667e+02  -5.104446e-01 6.309477e-01
4.450000e+02  -4.040148e-01 6.462098e-01
4.453333e+02  -2.953405e-01 6.578820e-01
4.456667e+02  -1.850254e-01 6.658992e-01
4.460000e+02  -7.368241e-02 6.702170e-01
4.463333e+02  3.806996e-02 6.708114e-01
4.466667e+02  1.496108e-01 6.676790e-01
4.470000e+02  2.603205e-01 6.608373e-01
4.473333e+02  3.695840e-01 6.503243e-01
4.476667e+02  4.767942e-01 6.361984e-01
4.480000e+02  5.813556e-01 6.185380e-01
4.483333e+02  6.826872e-01 5.974413e-01
4.486667e+02  7.802261e-01 5.730255e-01
4.490000e+02  8.734304e-01 5.454263e-01
4.493333e+02  9.617823e-01 5.147969e-01
4.496667e+02  1.044791e+00 4.813074e-01
4.500000e+02  1.121995e+00 4.451441e-01
4.503333e+02  1.192966e+00 4.065078e-01
4.506667e+02  1.257310e+00 3.656130e-01
4.510000e+02  1.314668e+00 3.226871e-01
4.513333e+02  1.364723e+00 2.779685e-01
4.516667e+02  1.407196e+00 2.317056e-01
4.520000e+02  1.441851e+00 1.841555e-01
4.523333e+02  1.468495e+00 1.355822e-01
4.526667e+02  1.486982e+00 8.625576e-02
4.530000e+02  1.497207e+00 3.645009e-02
4.533333e+02  1.499115e+00 -1.355807e-02
4.536667e+02  1.492694e+00 -6.349091e-02
4.540000e+02  1.477981e+00 -1.130710e-01
4.543333e+02  1.455056e+00 -1.620230e-01
4.546667e+02  1.424048e+00 -2.100748e-01
4.550000e+02  1.385129e+00 -2.569595e-01
4.553333e+02  1.338514e+00 -3.024167e-01
4.556667e+02  1.284463e+00 -3.461938e-01
4.560000e+02  1.223276e+00 -3.880476e-01
4.563333e+02  1.155294e+00 -4.277455e-01
4.566667e+02  1.080893e+00 -4.650671e-01
4.570000e+02  1.000487e+00 -4.998050e-01
4.573333e+02  9.145222e-01 -5.317662e-01
4.576667e+02  8.234773e-01 -5.607732e-01
4.580000e+02  7.278575e-01 -5.866647e-01
4.583333e+02  6.281940e-01 -6.092970e-01
4.586667e+02  5.250405e-01 -6.285443e-01
4.590000e+02  4.189702e-01 -6.442997e-01
4.593333e+02  3.105722e-01 -6.564757e-01
4.596667e+02  2.004489e-01 -6.650045e-01
4.600000e+02  8.921194e-02 -6.698389e-01
4.603333e+02  -2.252064e-02 -6.709520e-01
4.606667e+02  -1.341281e-01 -6.683376e-01
4.610000e+02  -2.449904e-01 -6.620101e-01
4.613333e+02  -3.544917e-01 -6.520049e-01
4.616667e+02  -4.620235e-01 -6.383774e-01
4.620000e+02  -5.669886e-01 -6.212033e-01
4.623333e+02  -6.688037e-01 -6.005781e-01
4.626667e+02  -7.669032e-01 -5.766164e-01
4.630000e+02  -8.607422e-01 -5.494512e-01
4.633333e+02  -9.497993e-01 -5.192336e-01
4.636667e+02  -1.033580e+00 -4.861313e-01
4.640000e+02  -1.111618e+00 -4.503283e-01
4.643333e+02  -1.183481e+00 -4.120234e-01
4.646667e+02  -1.248768e+00 -3.714296e-01
4.650000e+02  -1.307118e+00 -3.287722e-01
4.653333e+02  -1.358207e+00 -2.842883e-01
4.656667e+02  -1.401750e+00 -2.382251e-01
4.660000e+02  -1.437505e+00 -1.908383e-01
4.663333e+02  -1.465274e+00 -1.423914e-01
4.666667e+02  -1.484903e+00 -9.315341e-02
4.670000e+02  -1.496282e+00 -4.339789e-02
4.673333e+02  -1.499349e+00 6.598732e-03
4.676667e+02  -1.494086e+00 5.655869e-02
4.680000e+02  -1.480522e+00 1.062044e-01
4.683333e+02  -1.458733e+00 1.552602e-01
4.686667e+02  -1.428840e+00 2.034533e-01
4.690000e+02  -1.391010e+00 2.505162e-01
4.693333e+02  -1.345451e+00 2.961873e-01
4.696667e+02  -1.292418e+00 3.402129e-01
4.700000e+02  -1.232204e+00 3.823485e-01
4.703333e+02  -1.165145e+00 4.223599e-01
4.706667e+02  -1.091613e+00 4.600248e-01
4.710000e+02  -1.012017e+00 4.951341e-01
4.713333e+02  -9.267977e-01 5.274926e-01
4.716667e+02  -8.364299e-01 5.569206e-01
4.720000e+02  -7.414153e-01 5.832546e-01
4.723333e+02  -6.422818e-01 6.063483e-01
4.726667e+02  -5.395799e-01 6.260734e-01
4.730000e+02  -4.338805e-01 6.423203e-01
4.733333e+02  -3.257706e-01 6.549987e-01
4.736667e+02  -2.158508e-01 6.640383e-01
4.740000e+02  -1.047319e-01 6.693888e-01
4.743333e+02  6.968892e-03 6.710204e-01
4.746667e+02  1.186309e-01 6.689242e-01
4.750000e+02  2.296339e-01 6.631117e-01
4.753333e+02  3.393612e-01 6.536153e-01
4.756667e+02  4.472031e-01 6.404876e-01
4.760000e+02  5.525605e-01 6.238017e-01
4.763333e+02  6.548482e-01 6.036503e-01
4.766667e+02  7.534978e-01 5.801452e-01
4.770000e+02  8.479614e-01 5.534171e-01
4.773333e+02  9.377140e-01 5.236144e-01
4.776667e+02  1.022257e+00 4.909028e-01
4.780000e+02  1.101121e+00 4.554640e-01
4.783333e+02  1.173868e+00 4.174947e-01
4.786667e+02  1.240093e+00 3.772061e-01
4.790000e+02  1.299428e+00 3.348219e-01
4.793333e+02  1.351545e+00 2.905776e-01
4.796667e+02  1.396153e+00 2.447189e-01
4.800000e+02  1.433005e+00 1.975007e-01
4.803333e+02  1.461895e+00 1.491853e-01
4.806667e+02  1.482664e+00 1.000410e-01
4.810000e+02  1.495196e+00 5.034101e-02
4.813333e+02  1.499421e+00 3.613160e-04
4.816667e+02  1.495316e+00 -4.962039e-02
4.820000e+02  1.482904e+00 -9.932642e-02
4.823333e+02  1.462253e+00 -1.484806e-01
4.826667e+02  1.433479e+00 -1.968100e-01
4.830000e+02  1.396741e+00 -2.440459e-01
4.833333e+02  1.352243e+00 -2.899260e-01
4.836667e+02  1.300233e+00 -3.341955e-01
4.840000e+02  1.241000e+00 -3.766083e-01
4.843333e+02  1.174872e+00 -4.169288e-01
4.846667e+02  1.102216e+00 -4.549330e-01
4.850000e+02  1.023438e+00 -4.904099e-01
4.853333e+02  9.389734e-01 -5.231622e-01
4.856667e+02  8.492926e-01 -5.530081e-01
4.860000e+02  7.548934e-01 -5.797817e-01
4.863333e+02  6.563004e-01 -6.033343e-01
4.866667e+02  5.540613e-01 -6.235351e-01
4.870000e+02  4.487441e-01 -6.402717e-01
4.873333e+02  3.409338e-01 -6.534513e-01
4.876667e+02  2.312295e-01 -6.630007e-01
4.880000e+02  1.202405e-01 -6.688666e-01
4.883333e+02  8.583602e-03 -6.710167e-01
4.886667e+02  -1.031210e-01 -6.694389e-01
4.890000e+02  -2.142528e-01 -6.641420e-01
4.893333e+02  -3.241942e-01 -6.551554e-01
4.896667e+02  -4.323346e-01 -6.425290e-01
4.900000e+02  -5.380731e-01 -6.263331e-01
4.903333e+02  -6.408223e-01 -6.066575e-01
4.906667e+02  -7.400114e-01 -5.836116e-01
4.910000e+02  -8.350893e-01 -5.573234e-01
4.913333e+02  -9.255278e-01 -5.279390e-01
4.916667e+02  -1.010825e+00 -4.956215e-01
4.920000e+02  -1.090506e+00 -4.605507e-01
4.923333e+02  -1.164128e+00 -4.229212e-01
4.926667e+02  -1.231283e+00 -3.829421e-01
4.930000e+02  -1.291598e+00 -3.408356e-01
4.933333e+02  -1.344738e+00 -2.968356e-01
4.936667e+02  -1.390406e+00 -2.511864e-01
4.940000e+02  -1.428350e+00 -2.041418e-01
4.943333e+02  -1.458359e+00 -1.559631e-01
4.946667e+02  -1.480266e+00 -1.069179e-01
4.950000e+02  -1.493949e+00 -5.727872e-02
4.953333e+02  -1.499332e+00 -7.321325e-03
4.956667e+02  -1.496386e+00 4.267674e-02
4.960000e+02  -1.485126e+00 9.243772e-02
4.963333e+02  -1.465616e+00 1.416852e-01
4.966667e+02  -1.437963e+00 1.901454e-01
4.970000e+02  -1.402322e+00 2.375494e-01
4.973333e+02  -1.358890e+00 2.836336e-01
4.976667e+02  -1.307909e+00 3.281421e-01
4.980000e+02  -1.249661e+00 3.708275e-01
4.983333e+02  -1.184471e+00 4.114528e-01
4.986667e+02  -1.112701e+00 4.497923e-01
4.990000e+02  -1.034749e+00 4.856329e-01
4.993333e+02  -9.510482e-01 5.187755e-01
4.996667e+02  -8.620639e-01 5.490361e-01